0	1
0	7
0	9
0	28
0	77
0	81
0	82
0	162
0	178
0	198
0	216
0	221
0	233
0	236
0	251
0	275
0	292
0	421
1	46
1	81
1	88
1	93
1	224
1	272
1	404
1	407
1	488
2	93
2	168
2	173
2	294
2	306
2	313
2	393
2	399
2	430
2	435
2	444
2	473
2	478
2	488
3	61
3	110
3	122
3	234
3	289
3	295
3	400
3	415
3	421
3	430
3	460
3	474
4	21
4	43
4	44
4	101
4	156
4	182
4	252
4	311
4	341
4	355
4	378
4	459
4	469
4	489
5	23
5	70
5	76
5	116
5	134
5	164
5	171
5	180
5	187
5	241
5	245
5	252
5	475
6	17
6	45
6	96
6	141
6	212
6	280
6	313
6	316
6	357
6	369
6	472
7	73
7	110
7	133
7	153
7	209
7	215
7	227
7	235
7	247
7	358
7	359
7	435
8	37
8	42
8	56
8	93
8	188
8	195
8	203
8	204
8	247
8	262
8	291
8	356
8	391
8	395
8	409
8	415
8	436
8	445
8	458
8	471
9	30
9	172
9	207
9	233
9	239
9	331
9	340
9	392
9	418
9	450
9	458
9	473
10	28
10	165
10	197
10	218
10	260
10	277
10	301
10	307
10	340
10	386
10	395
10	420
10	456
10	461
10	462
10	463
10	466
11	16
11	48
11	106
11	173
11	216
11	353
11	359
11	393
11	401
11	424
11	457
11	474
11	486
11	487
11	491
12	21
12	43
12	65
12	77
12	156
12	168
12	193
12	253
12	271
12	299
12	308
12	321
12	341
12	342
12	372
12	380
12	443
13	30
13	39
13	59
13	81
13	106
13	114
13	118
13	168
13	174
13	208
13	219
13	249
13	258
13	267
13	379
13	381
13	398
13	420
13	447
14	95
14	180
14	188
14	240
14	326
14	339
14	442
15	47
15	83
15	94
15	98
15	122
15	243
15	393
16	29
16	31
16	131
16	220
16	244
16	253
16	261
16	288
16	313
16	329
16	350
16	363
16	411
16	425
17	18
17	59
17	64
17	130
17	158
17	163
17	220
17	253
17	271
17	277
17	321
17	335
17	369
17	444
17	447
17	467
17	498
18	20
18	35
18	100
18	127
18	153
18	166
18	191
18	200
18	208
18	210
18	222
18	268
18	274
18	280
18	313
18	336
18	409
19	20
19	24
19	29
19	63
19	77
19	116
19	166
19	295
19	309
19	315
19	323
19	384
19	466
20	80
20	113
20	136
20	221
20	231
20	232
20	267
20	268
20	280
20	281
20	309
20	370
20	405
20	468
20	488
21	27
21	32
21	43
21	53
21	88
21	104
21	121
21	208
21	214
21	227
21	236
21	291
21	349
21	357
21	386
21	414
21	443
21	480
22	73
22	82
22	113
22	124
22	135
22	143
22	175
22	182
22	201
22	231
22	251
22	303
22	319
22	322
22	329
22	365
23	34
23	62
23	106
23	114
23	140
23	144
23	174
23	207
23	235
23	292
23	314
23	317
23	321
23	343
23	349
23	371
23	424
23	445
23	448
23	453
23	456
23	459
23	474
24	41
24	110
24	135
24	151
24	166
24	253
24	264
24	268
24	306
24	434
24	478
25	27
25	78
25	131
25	176
25	205
25	207
25	236
25	237
25	249
25	290
25	301
25	363
25	400
25	461
25	484
25	495
26	42
26	47
26	89
26	156
26	172
26	209
26	241
26	260
26	266
26	287
26	332
26	343
26	352
26	376
26	397
27	43
27	51
27	52
27	53
27	89
27	122
27	193
27	257
27	258
27	281
27	292
27	294
27	305
27	307
27	437
27	459
28	32
28	47
28	82
28	129
28	204
28	209
28	224
28	244
28	276
28	280
28	323
28	366
28	375
28	400
28	450
28	466
28	469
28	487
29	38
29	41
29	168
29	177
29	203
29	256
29	264
29	284
29	357
29	378
29	381
29	406
29	413
29	432
29	440
30	58
30	71
30	130
30	138
30	180
30	249
30	258
30	271
30	295
30	358
30	394
30	446
30	468
31	52
31	80
31	87
31	91
31	122
31	151
31	174
31	187
31	198
31	220
31	388
31	395
31	404
31	419
31	431
31	464
31	470
32	57
32	94
32	97
32	115
32	117
32	151
32	187
32	196
32	233
32	279
32	285
32	291
32	340
32	363
32	399
32	472
32	481
33	44
33	55
33	73
33	89
33	122
33	157
33	236
33	259
33	298
33	300
33	347
33	350
33	371
33	380
33	392
33	480
34	131
34	181
34	275
34	288
34	289
34	293
34	301
34	338
34	344
34	345
34	365
34	374
34	377
34	387
34	435
34	436
34	478
35	86
35	105
35	107
35	163
35	183
35	213
35	225
35	274
35	292
35	311
35	344
35	371
35	387
35	470
35	484
35	485
36	38
36	49
36	56
36	72
36	78
36	100
36	118
36	125
36	174
36	181
36	316
36	409
36	410
36	478
37	38
37	77
37	147
37	156
37	186
37	260
37	381
37	387
37	389
37	392
37	417
37	447
37	497
38	42
38	45
38	53
38	159
38	222
38	294
38	307
38	435
38	464
38	479
39	70
39	83
39	111
39	121
39	125
39	146
39	194
39	283
39	319
39	334
39	356
39	448
39	485
39	489
40	43
40	113
40	137
40	192
40	198
40	224
40	378
40	435
40	436
40	469
40	487
41	116
41	173
41	205
41	236
41	302
41	319
41	332
41	417
41	426
42	65
42	133
42	179
42	185
42	234
42	235
42	246
42	258
42	378
42	396
42	408
42	422
43	48
43	54
43	66
43	71
43	184
43	228
43	332
43	364
43	375
43	388
43	390
43	395
43	446
44	47
44	58
44	75
44	122
44	176
44	308
44	413
44	453
44	478
45	53
45	69
45	72
45	80
45	98
45	167
45	274
45	286
45	337
45	346
45	370
45	396
45	411
45	453
45	461
46	63
46	89
46	103
46	124
46	127
46	134
46	162
46	337
47	143
47	190
47	281
47	292
47	307
47	321
47	401
47	426
47	429
47	461
47	493
48	136
48	142
48	260
48	262
48	266
48	320
48	322
48	359
48	424
48	485
49	116
49	256
49	290
49	311
49	319
49	327
49	387
49	402
49	420
49	421
50	75
50	93
50	122
50	199
50	274
50	299
50	340
50	409
50	411
50	429
51	57
51	102
51	117
51	213
51	311
51	383
51	447
52	53
52	88
52	225
52	251
52	284
52	289
52	342
52	368
52	396
52	408
52	433
52	456
52	476
52	487
52	497
53	162
53	173
53	186
53	230
53	237
53	240
53	251
53	333
53	348
53	382
53	458
53	464
54	56
54	94
54	166
54	167
54	175
54	184
54	204
54	253
54	258
54	336
54	369
54	396
54	401
54	482
55	76
55	82
55	104
55	151
55	153
55	182
55	214
55	285
55	311
55	370
55	428
55	468
56	120
56	137
56	202
56	241
56	249
56	253
56	376
56	408
56	415
56	427
56	449
56	456
56	493
56	496
57	70
57	107
57	127
57	252
57	269
57	292
57	302
57	317
57	344
57	346
57	424
57	451
57	470
57	483
57	485
58	156
58	163
58	223
58	234
58	256
58	259
58	284
58	298
58	435
58	437
59	81
59	100
59	123
59	217
59	221
59	304
59	305
59	311
59	318
59	321
59	357
59	358
59	458
59	464
59	467
60	64
60	91
60	125
60	131
60	140
60	179
60	198
60	211
60	220
60	229
60	234
60	269
60	282
60	343
60	367
60	377
60	379
60	470
61	110
61	157
61	236
61	279
61	307
61	314
61	381
61	410
61	412
61	414
61	439
61	464
62	83
62	128
62	137
62	155
62	170
62	272
62	311
62	342
62	359
62	416
62	446
62	457
62	467
63	180
63	233
63	286
63	375
63	386
63	460
64	97
64	106
64	242
64	245
64	292
64	335
64	370
64	372
64	390
64	448
64	462
65	88
65	135
65	147
65	183
65	184
65	206
65	270
65	287
65	290
65	302
65	324
65	373
65	418
65	421
65	427
65	439
65	476
65	494
66	101
66	140
66	147
66	192
66	268
66	315
66	317
66	339
66	373
66	400
66	421
66	490
67	101
67	125
67	154
67	207
67	209
67	215
67	230
67	231
67	251
67	270
67	289
67	300
67	314
67	325
67	330
67	370
67	376
67	416
67	448
67	451
67	484
67	495
68	70
68	120
68	150
68	155
68	161
68	162
68	214
68	265
68	268
68	296
68	303
68	410
68	457
69	76
69	124
69	205
69	238
69	291
69	317
69	332
69	368
69	419
69	470
70	78
70	110
70	121
70	151
70	155
70	224
70	228
70	242
70	257
70	261
70	274
70	333
70	386
70	411
70	466
71	102
71	113
71	125
71	183
71	202
71	235
71	263
71	293
71	313
71	321
71	457
71	465
72	90
72	92
72	104
72	123
72	127
72	175
72	200
72	229
72	307
72	473
72	475
72	478
73	83
73	108
73	160
73	244
73	256
73	288
73	290
73	323
73	354
73	365
73	377
73	393
73	465
74	79
74	126
74	213
74	281
74	286
74	295
74	308
74	357
74	387
74	470
74	487
75	81
75	86
75	123
75	147
75	149
75	153
75	219
75	314
75	380
75	475
76	77
76	136
76	175
76	180
76	184
76	196
76	198
76	224
76	255
76	273
76	288
76	341
76	357
76	363
76	376
76	427
76	431
76	433
76	455
76	491
77	116
77	306
77	442
78	105
78	151
78	158
78	261
78	262
78	294
78	305
78	336
78	350
78	411
78	452
78	454
78	475
78	491
78	493
79	85
79	128
79	140
79	158
79	181
79	239
79	242
79	265
79	363
79	384
79	394
79	395
80	113
80	119
80	130
80	160
80	164
80	277
80	360
80	364
80	379
80	452
80	469
80	471
81	115
81	150
81	158
81	165
81	170
81	246
81	257
81	293
81	350
81	366
81	440
82	91
82	97
82	146
82	191
82	286
82	292
82	307
82	310
82	317
82	374
82	379
82	380
82	400
82	430
82	471
83	108
83	117
83	140
83	150
83	152
83	158
83	191
83	235
83	237
83	341
83	364
84	113
84	137
84	163
84	172
84	206
84	216
84	286
84	290
84	297
84	309
84	324
84	357
85	133
85	143
85	163
85	201
85	304
85	309
85	314
85	327
85	350
85	388
85	400
85	405
85	428
85	432
85	478
85	483
85	498
86	91
86	112
86	139
86	143
86	160
86	236
86	237
86	280
86	414
87	111
87	124
87	127
87	142
87	197
87	200
87	221
87	247
87	256
87	302
87	371
87	373
87	397
87	453
88	105
88	112
88	118
88	192
88	200
88	238
88	330
88	344
88	416
88	418
88	447
88	454
88	462
88	487
89	99
89	132
89	150
89	210
89	285
89	294
89	434
89	487
89	489
90	111
90	123
90	166
90	182
90	324
91	184
91	295
91	300
91	321
91	354
91	386
91	395
91	400
91	477
91	497
92	125
92	201
92	283
92	330
92	335
92	338
92	379
92	382
92	412
92	437
92	497
93	102
93	113
93	215
93	271
93	316
93	334
93	346
93	347
93	364
93	388
94	124
94	209
94	223
94	233
94	251
94	277
94	300
94	376
94	419
94	447
94	457
94	483
95	162
95	178
95	240
95	271
95	298
95	305
95	322
95	324
95	365
95	376
95	405
95	423
95	444
95	483
96	131
96	146
96	147
96	150
96	231
96	256
96	258
96	266
96	283
96	472
97	109
97	128
97	135
97	167
97	216
97	234
97	292
97	329
97	338
97	368
97	381
97	437
97	467
97	477
97	490
98	136
98	171
98	181
98	211
98	237
98	371
98	411
98	426
98	468
98	477
98	493
99	113
99	200
99	223
99	255
99	268
99	312
99	325
99	326
99	389
99	407
99	412
99	442
99	445
99	496
100	113
100	164
100	177
100	179
100	341
100	345
100	365
100	380
100	382
100	400
100	436
101	228
101	231
101	236
101	290
101	300
101	389
101	394
101	436
101	439
101	445
101	468
101	470
101	494
102	167
102	227
102	246
102	262
102	267
102	314
102	321
102	346
102	438
102	493
103	104
103	145
103	157
103	169
103	170
103	179
103	199
103	212
103	239
103	290
103	402
103	421
103	484
104	156
104	171
104	215
104	218
104	230
104	257
104	278
104	286
104	330
104	379
104	436
104	477
105	123
105	142
105	170
105	216
105	319
105	329
105	357
105	361
105	387
105	388
105	392
105	393
105	400
105	472
106	116
106	127
106	132
106	147
106	184
106	190
106	222
106	242
106	258
106	284
106	335
106	367
106	370
106	376
106	424
106	439
106	473
106	478
106	486
107	186
107	208
107	237
107	244
107	252
107	272
107	312
107	384
107	394
108	152
108	218
108	393
108	405
108	422
108	458
108	460
109	123
109	161
109	162
109	185
109	230
109	233
109	274
109	275
109	285
109	293
109	398
109	449
110	188
110	242
110	245
110	257
110	268
110	285
110	301
110	344
110	345
110	441
110	468
110	478
111	222
111	304
111	325
111	326
111	364
111	408
111	440
112	146
112	201
112	214
112	233
112	254
112	275
112	314
112	317
112	319
112	335
112	369
112	371
112	372
112	376
112	454
112	458
112	459
112	465
113	168
113	217
113	220
113	221
113	244
113	251
113	256
113	266
113	432
113	435
114	155
114	179
114	185
114	194
114	288
114	334
114	382
114	387
114	411
114	443
114	452
115	138
115	154
115	184
115	198
115	204
115	281
115	283
115	341
115	357
115	397
115	406
115	427
115	477
116	230
116	233
116	251
116	352
116	356
116	408
116	413
116	437
117	170
117	225
117	237
117	270
117	286
117	304
117	310
117	319
117	380
117	402
117	454
118	122
118	172
118	183
118	226
118	253
118	260
118	278
118	334
118	339
118	370
118	396
118	439
118	451
118	467
118	494
119	162
119	211
119	287
119	345
119	357
119	426
120	148
120	176
120	186
120	206
120	242
120	257
120	258
120	260
120	421
120	432
120	455
120	456
120	474
121	183
121	221
121	238
121	261
121	266
121	277
121	310
121	339
121	408
121	462
121	465
121	481
122	137
122	138
122	150
122	173
122	232
122	275
122	290
122	348
122	357
122	382
122	452
123	125
123	139
123	145
123	215
123	227
123	352
123	421
123	438
123	477
123	478
124	143
124	162
124	214
124	220
124	231
124	259
124	274
124	295
124	344
124	360
124	441
124	444
124	447
125	145
125	282
125	308
125	342
125	372
125	419
125	445
126	137
126	144
126	212
126	246
126	260
126	268
126	328
126	360
126	369
126	378
126	407
126	431
126	453
126	454
126	465
126	481
126	486
127	129
127	131
127	253
127	257
127	271
127	302
127	312
127	413
127	483
128	171
128	182
128	269
128	307
128	338
128	355
128	415
128	422
128	425
128	466
128	477
129	153
129	215
129	223
129	258
129	293
129	335
129	386
129	450
130	141
130	210
130	252
130	279
130	474
130	479
130	488
130	489
131	142
131	176
131	201
131	210
131	220
131	256
131	259
131	273
131	284
131	311
131	354
131	365
131	380
131	384
131	416
131	441
131	445
132	216
132	217
132	234
132	262
132	286
132	357
132	441
132	474
133	151
133	154
133	162
133	172
133	195
133	197
133	215
133	280
133	285
133	293
133	314
133	332
133	402
133	407
133	437
133	466
133	471
133	484
133	489
133	497
134	136
134	140
134	205
134	219
134	253
134	324
134	341
134	357
134	395
134	401
135	167
135	182
135	199
135	216
135	231
135	262
135	273
135	305
135	362
135	375
135	378
135	438
135	461
135	475
136	191
136	204
136	219
136	221
136	278
136	307
136	351
136	368
136	433
137	169
137	254
137	313
137	332
137	346
137	356
137	383
137	392
137	400
137	416
137	437
138	164
138	221
138	222
138	249
138	284
138	318
138	333
138	345
138	346
138	359
138	441
138	468
138	470
138	474
138	478
138	494
139	147
139	423
139	471
139	475
140	165
140	192
140	200
140	331
140	375
140	379
140	407
141	164
141	189
141	225
141	377
141	408
141	441
141	455
141	480
142	150
142	217
142	223
142	254
142	302
142	348
142	372
142	404
142	405
142	412
143	204
143	284
143	306
143	442
143	448
143	454
144	194
144	199
144	240
144	467
144	473
144	484
144	488
145	190
145	202
145	215
145	348
145	358
145	434
145	437
145	484
145	485
146	192
146	194
146	199
146	278
146	326
146	367
146	368
146	402
146	415
146	425
146	434
146	441
146	449
146	489
147	175
147	192
147	293
147	312
147	342
147	372
147	396
147	437
147	459
147	460
147	467
147	477
147	486
148	155
148	201
148	220
148	248
148	340
148	385
148	393
148	417
148	433
148	452
149	177
149	195
149	201
149	212
149	220
149	298
149	370
149	381
149	461
150	178
150	182
150	205
150	245
150	275
150	278
150	294
150	414
150	474
151	164
151	173
151	252
151	351
151	400
151	427
151	493
152	199
152	202
152	258
152	349
152	381
152	468
152	475
153	212
153	295
153	307
153	312
153	423
153	460
154	173
154	175
154	183
154	204
154	212
154	236
154	293
154	395
154	398
154	440
155	176
155	196
155	201
155	256
155	351
155	386
155	417
155	438
155	456
155	467
155	481
156	169
156	236
156	268
156	321
156	333
156	376
156	386
156	412
156	427
156	449
156	473
156	496
157	161
157	165
157	189
157	204
157	216
157	226
157	278
157	321
157	394
157	452
157	455
157	468
158	160
158	179
158	201
158	221
158	295
158	301
158	313
158	336
158	364
158	368
158	430
158	468
159	187
159	218
159	222
159	256
159	269
159	295
159	369
159	389
159	458
160	194
160	214
160	285
160	416
160	474
160	492
161	195
161	207
161	211
161	301
161	365
161	468
162	215
162	219
162	324
162	341
162	358
162	441
162	469
162	477
162	494
163	273
163	278
163	301
163	324
163	377
163	394
163	445
164	189
164	199
164	201
164	291
164	296
164	297
164	382
164	397
164	430
164	441
165	166
165	217
165	220
165	234
165	298
165	315
165	397
165	433
166	244
166	390
166	416
167	173
167	178
167	198
167	258
167	277
167	294
167	303
167	335
167	433
167	485
167	498
168	187
168	233
168	259
168	299
168	302
168	319
168	406
168	420
168	472
169	170
169	183
169	186
169	262
169	307
169	320
169	394
169	417
169	451
169	498
170	238
170	239
170	251
170	307
170	338
170	362
170	367
170	407
170	439
171	258
171	262
171	309
171	336
171	373
171	379
171	391
171	459
171	465
171	486
172	175
172	219
172	240
172	248
172	296
172	313
172	336
172	337
172	348
172	368
172	376
172	430
172	453
172	463
173	277
173	290
173	297
173	303
173	345
173	350
173	362
173	410
173	426
173	442
173	455
174	181
174	191
174	343
174	357
174	432
174	437
174	452
174	453
174	475
174	484
175	253
175	262
175	372
175	414
175	467
175	499
176	192
176	299
176	327
176	338
176	362
176	422
176	474
177	188
177	211
177	243
177	302
177	374
177	468
177	491
178	182
178	183
178	204
178	221
178	223
178	252
178	271
178	376
179	216
179	251
179	292
179	303
179	310
179	387
179	389
179	448
180	190
180	225
180	326
180	382
180	464
180	465
181	232
181	238
181	242
181	302
181	383
181	430
181	456
181	457
182	194
182	201
182	358
182	376
182	426
183	260
183	299
183	332
183	342
183	372
183	375
183	382
183	437
183	476
183	492
184	189
184	228
184	231
184	271
184	273
184	285
184	288
184	299
184	332
184	391
184	402
184	409
184	419
184	457
184	488
185	196
185	237
185	342
185	350
185	353
185	366
185	380
185	409
185	426
185	455
185	460
185	463
185	465
185	484
185	494
186	209
186	217
186	229
186	248
186	262
186	361
186	404
186	423
186	450
186	480
186	481
186	483
187	190
187	204
187	246
187	258
187	259
187	261
187	280
187	287
188	248
188	250
188	264
188	288
188	326
188	362
188	400
188	486
189	239
189	280
189	354
189	416
189	466
190	277
190	284
190	316
190	337
190	363
190	401
190	403
190	408
190	415
190	438
190	465
190	494
191	195
191	199
191	201
191	290
191	308
191	321
191	479
191	496
192	269
192	330
192	343
192	354
192	367
192	384
192	404
192	407
192	478
193	262
193	281
193	302
193	319
193	328
193	329
193	389
193	410
193	474
193	479
194	362
194	364
194	387
194	412
194	413
194	440
194	468
195	250
195	317
195	320
195	381
195	424
195	432
195	434
195	469
195	475
195	477
195	480
195	482
195	499
196	207
196	232
196	278
196	300
196	331
196	341
196	350
196	361
196	447
196	481
197	198
197	237
197	283
197	314
197	359
197	380
198	268
198	303
198	338
198	369
198	437
198	451
198	465
199	267
199	277
199	348
199	357
199	374
199	379
199	413
199	471
199	491
200	261
200	287
200	315
200	340
200	370
200	415
200	447
201	210
201	238
201	253
201	259
201	261
201	287
201	295
201	352
201	404
201	472
201	493
202	206
202	235
202	261
202	355
203	206
203	282
203	320
203	323
203	408
203	410
203	420
203	423
203	452
203	475
204	238
204	471
204	472
204	499
205	223
205	231
205	278
205	313
205	331
205	337
205	407
205	412
205	464
205	493
206	217
206	241
206	257
206	270
206	291
206	326
206	330
206	344
206	381
206	383
207	244
207	267
207	276
207	401
207	410
207	470
207	490
208	213
208	283
208	305
208	330
208	339
208	348
208	351
208	355
208	396
208	421
208	449
208	471
208	498
209	345
209	348
209	360
209	418
209	475
210	303
210	329
210	352
210	360
210	385
210	406
210	479
211	220
211	246
211	337
211	341
212	248
212	259
212	261
212	312
212	313
212	350
212	361
212	384
212	401
212	488
212	496
213	253
213	336
213	346
213	379
213	499
214	223
214	283
214	303
214	382
214	438
214	447
214	452
215	250
215	279
215	284
215	286
215	295
215	316
215	322
215	339
215	386
215	432
215	449
215	482
216	260
216	295
216	306
216	323
216	344
216	413
216	484
217	218
217	391
217	396
217	427
217	437
217	444
218	237
218	238
218	278
218	393
218	400
218	404
218	448
218	469
219	265
219	299
219	328
219	334
219	382
219	384
219	403
219	434
220	286
220	307
220	310
220	319
220	320
220	336
220	337
220	380
220	443
220	499
221	268
221	299
221	316
221	418
221	487
222	251
222	285
222	292
222	351
222	362
222	375
222	465
223	265
223	292
223	300
223	312
223	433
223	445
223	482
223	486
224	233
224	296
224	300
224	311
224	350
224	360
224	377
224	426
225	236
225	259
225	274
225	275
225	323
225	345
225	463
225	474
225	479
226	296
226	312
226	338
226	422
226	441
226	471
226	480
227	236
227	287
227	347
227	348
227	399
227	406
228	233
228	308
228	319
228	366
228	417
228	433
228	437
228	454
229	279
229	305
229	340
229	342
229	369
229	400
229	423
229	426
229	436
229	443
229	452
229	493
230	235
230	352
230	401
230	477
230	488
230	491
231	235
231	264
231	329
231	347
231	377
231	389
231	418
231	462
231	470
231	488
232	248
232	261
232	391
232	446
232	467
233	244
233	248
233	308
233	389
233	450
233	452
234	314
234	358
234	381
234	426
234	443
234	445
234	447
234	498
235	290
235	362
235	379
235	380
235	401
235	405
235	470
235	481
236	283
236	300
236	316
236	358
236	429
236	434
236	489
237	260
237	261
237	276
237	290
237	297
237	304
237	340
237	353
237	386
237	418
237	455
237	463
237	469
238	245
238	298
238	416
238	420
238	443
238	467
238	471
238	474
238	489
239	372
239	431
239	438
239	448
239	451
239	470
240	244
240	248
240	316
240	358
240	364
240	401
240	412
240	416
240	430
240	452
240	485
241	319
241	343
241	371
241	456
241	472
242	247
242	255
242	276
242	285
242	323
242	337
242	338
242	351
242	458
243	282
243	303
243	393
243	428
243	443
243	445
243	446
243	448
243	450
243	452
243	489
243	491
244	339
244	353
244	364
244	365
244	477
244	484
245	246
245	283
245	389
245	402
245	411
246	247
246	286
246	302
246	307
246	345
246	354
246	372
246	385
246	394
247	250
247	251
247	266
247	283
247	301
247	448
247	486
247	490
248	282
248	291
248	338
248	356
248	404
248	431
249	294
249	297
249	322
249	340
249	377
249	405
249	465
249	471
249	480
249	492
250	270
250	280
250	286
250	453
251	281
251	292
251	302
251	315
251	340
251	345
251	381
251	382
251	386
251	389
251	413
252	257
252	283
252	307
252	308
252	322
252	333
252	344
252	428
252	446
252	456
252	479
253	280
253	324
253	388
253	416
254	290
254	331
254	346
254	406
254	433
254	489
255	280
255	301
255	303
255	312
255	333
255	337
255	355
255	440
256	284
256	292
256	299
256	355
256	378
256	418
257	291
257	323
257	366
257	374
257	403
257	410
257	465
258	320
258	331
258	340
258	342
258	362
258	376
258	404
258	428
259	314
259	345
259	434
259	490
260	262
260	297
260	303
260	336
260	368
260	414
260	456
261	280
261	330
261	370
261	385
261	390
261	440
261	481
261	486
261	493
262	265
262	281
262	294
262	334
262	416
262	490
263	296
263	332
263	380
263	397
264	287
264	349
264	374
264	418
264	426
264	492
265	268
265	274
265	305
265	371
265	382
265	391
265	419
266	308
266	409
266	414
267	337
267	361
267	402
267	455
267	478
268	280
268	300
268	313
268	315
268	325
268	383
268	418
268	424
268	491
269	322
269	326
269	367
269	368
269	405
270	373
270	426
270	429
270	446
270	451
271	299
271	320
271	331
271	339
271	407
271	418
271	440
271	480
272	293
272	341
272	364
272	411
272	417
272	469
272	494
273	283
273	287
273	289
273	329
273	340
273	400
273	434
273	452
273	471
274	282
274	349
274	360
274	389
274	397
274	405
274	497
275	324
275	328
275	335
275	364
275	386
275	418
275	435
275	489
276	305
276	381
276	415
276	475
276	494
277	280
277	361
277	368
277	399
277	420
277	466
278	280
278	385
278	456
278	464
278	466
278	497
279	299
279	428
279	441
279	469
279	477
280	299
280	307
280	445
281	394
281	431
281	484
282	303
282	316
282	381
282	385
282	391
282	451
282	472
282	491
282	495
283	314
283	318
283	333
283	337
283	363
283	369
283	404
283	436
283	494
284	311
284	340
284	385
284	456
284	481
284	497
285	313
285	315
285	372
285	410
285	426
285	432
285	433
285	434
285	473
286	295
286	299
286	307
286	426
286	445
286	456
286	474
286	492
287	318
287	342
287	354
287	360
287	413
287	424
287	427
287	435
288	418
289	361
289	367
289	382
289	393
289	396
289	429
289	481
290	329
290	370
290	387
290	405
290	485
291	304
291	337
291	349
291	371
291	468
291	473
291	484
292	299
292	406
292	445
293	303
293	308
293	362
293	401
293	407
293	413
293	481
293	495
294	313
294	337
294	383
294	431
294	437
295	304
295	312
295	327
295	348
295	352
295	395
295	424
295	467
296	368
296	375
296	397
296	423
296	473
296	493
297	323
297	380
297	391
297	402
297	412
297	443
297	466
297	496
298	448
299	308
299	357
299	394
299	416
299	431
300	323
300	324
300	342
300	462
300	499
301	316
301	333
301	369
301	403
301	417
301	419
302	378
302	398
302	402
302	410
303	319
303	356
303	439
303	462
304	309
304	389
304	417
304	435
304	436
304	480
304	491
305	330
305	353
305	365
305	451
305	464
305	483
305	497
306	333
306	417
307	361
307	389
307	422
307	458
308	348
308	366
308	392
308	397
308	453
308	471
309	485
309	492
309	499
310	351
310	361
310	367
310	451
311	321
311	339
312	322
312	352
312	399
312	432
312	448
312	466
313	349
313	364
313	411
313	423
313	462
314	320
314	326
314	357
314	360
314	393
314	408
314	472
314	484
315	324
315	378
315	392
315	413
315	433
315	434
315	483
316	348
316	382
316	386
316	416
316	432
317	356
317	361
317	368
317	402
317	445
317	483
317	490
318	326
318	335
318	339
318	359
318	395
318	398
318	406
318	426
318	441
318	453
319	354
319	427
319	431
319	434
320	322
320	340
320	410
320	430
321	465
321	473
322	332
322	381
322	397
322	399
322	417
322	465
323	337
323	403
323	423
323	444
323	458
323	462
323	479
323	484
323	493
324	330
324	363
324	419
324	438
324	487
325	334
325	365
325	379
325	397
325	399
325	431
325	438
325	491
325	497
326	334
326	342
326	369
326	394
326	395
326	420
326	430
326	479
327	331
327	332
327	366
327	378
327	383
327	393
327	430
327	431
328	347
328	382
328	424
328	439
328	442
328	460
329	366
329	371
329	402
329	462
329	482
330	373
330	389
330	408
330	462
331	354
331	369
331	386
331	401
331	409
331	437
331	446
331	454
331	464
331	473
332	377
332	443
332	469
332	485
332	486
333	342
333	373
333	410
333	417
333	439
333	450
333	456
333	473
334	344
334	366
334	383
334	421
334	491
334	498
334	499
336	386
336	398
336	440
336	443
337	485
338	353
338	386
338	426
338	430
338	456
339	340
339	372
339	382
339	388
339	414
339	419
339	455
340	354
340	398
340	427
341	432
342	357
342	369
342	409
342	415
342	425
342	450
343	357
343	449
343	476
344	348
344	384
344	436
345	362
345	410
346	349
346	392
346	456
346	459
346	479
347	428
347	441
347	457
348	366
348	485
348	496
349	363
349	366
349	404
349	408
349	411
350	366
350	372
350	431
350	490
351	356
351	372
351	389
351	441
351	471
352	357
352	371
352	412
352	416
352	423
352	433
352	457
353	364
353	372
353	406
353	427
353	435
353	473
354	461
355	424
356	359
356	472
356	473
357	404
357	416
357	430
358	364
358	372
358	384
358	387
358	437
358	477
358	480
358	484
359	371
359	379
359	409
359	445
359	451
359	484
359	495
360	382
360	466
360	479
361	489
362	390
362	398
362	414
362	444
362	466
363	364
363	484
364	479
364	499
365	434
365	456
366	372
366	395
366	425
366	468
367	374
367	413
367	418
367	490
368	380
368	405
368	443
369	444
369	474
370	415
370	436
370	451
370	460
370	463
370	481
370	490
371	372
371	375
371	389
371	408
371	448
371	492
371	497
372	447
372	470
373	406
373	480
373	496
374	387
374	403
374	469
374	487
375	380
375	405
375	459
376	408
376	439
376	440
377	430
377	442
378	410
378	442
378	453
378	472
378	483
379	444
379	448
379	453
380	393
380	467
381	412
381	436
381	471
382	386
382	391
382	467
382	471
383	423
383	450
383	472
384	463
384	486
385	406
385	418
385	456
385	467
386	458
386	483
387	393
387	409
387	416
387	453
388	439
388	478
389	440
389	441
389	450
390	441
390	459
390	472
390	480
391	469
392	408
392	411
392	428
392	479
392	497
393	400
393	424
393	434
393	465
393	472
393	494
394	423
394	456
394	469
394	474
394	489
395	422
395	447
395	455
395	469
396	447
396	492
396	496
397	404
397	419
397	421
397	499
399	439
399	448
399	453
401	415
401	432
401	496
402	449
403	417
404	424
404	449
404	490
405	407
405	427
405	450
405	492
406	476
406	487
406	496
407	444
407	465
407	489
408	441
409	418
409	429
409	434
409	487
409	488
409	489
410	427
410	433
410	456
410	461
410	476
411	464
412	431
416	436
416	449
416	455
417	435
417	445
417	459
418	468
418	471
418	473
419	487
420	422
420	456
421	487
422	425
422	428
422	469
422	490
422	492
423	433
423	440
423	492
424	472
424	494
425	463
425	473
425	489
426	438
426	463
426	470
426	488
427	434
427	441
428	432
428	496
428	499
429	461
429	473
429	486
430	491
431	470
431	481
432	453
433	494
435	474
438	458
439	455
440	495
441	452
441	458
443	454
443	461
443	473
443	499
444	476
444	481
445	451
445	494
446	473
447	448
447	449
447	453
448	451
448	477
448	480
450	470
450	471
450	477
452	457
452	470
452	498
454	485
455	472
455	474
456	462
457	458
458	484
461	469
462	471
462	472
464	478
466	476
466	479
467	477
469	482
470	483
475	493
478	495
482	493
483	493
483	496
483	498
486	496
487	489
487	499
492	499
