0	958
1	3686
2	3482
3	2425
4	1865
5	1094
6	4154
7	1511
8	3916
9	170
10	4119
11	4438
12	58
13	580
14	3910
15	2231
16	4530
17	4385
18	3018
19	4284
20	127
21	1272
22	2609
23	1761
23	2969
24	2530
25	4713
26	78
27	1752
28	3369
29	4120
30	4499
31	1819
31	271
31	3706
32	757
33	5356
34	3363
35	543
36	3146
36	5024
37	977
38	2088
39	366
40	3833
41	4935
42	2248
43	3666
44	1418
45	261
46	1900
47	4223
48	4175
49	3125
50	4877
51	1022
52	4828
52	56
53	2960
54	5325
55	4141
56	4558
57	903
58	4895
59	1947
60	2796
61	1362
62	4782
63	4524
64	1974
65	518
66	2217
67	4471
68	1694
69	1932
70	1700
71	79
71	1589
72	2648
73	1484
74	2508
75	2805
76	207
77	3565
78	4712
79	398
80	2917
81	1709
82	1222
83	3835
84	350
85	5319
86	1735
87	2464
88	1680
89	5383
90	4031
91	5123
91	3314
92	1081
93	3215
94	267
95	1573
96	4232
97	1522
98	3097
98	4197
99	3572
100	225
101	2186
102	3104
103	643
104	5326
105	441
106	807
107	1397
108	2365
109	237
110	420
111	3627
112	5362
113	4003
114	62
115	4827
116	898
117	1972
117	1645
118	2871
119	3598
120	3237
121	5346
122	4702
123	406
124	1615
125	1988
126	2654
127	3289
128	1011
129	3570
130	2776
131	255
132	4347
133	5150
134	2954
135	5108
136	1175
137	4487
137	3515
137	2917
137	4982
138	3480
139	1075
140	1329
141	4892
142	1285
143	418
144	2773
145	1057
146	1849
147	3094
148	545
149	1556
150	1631
151	2831
152	293
153	2626
154	4538
155	1160
156	3186
157	1187
158	2439
158	4582
159	4929
159	640
160	2983
161	1685
162	1520
163	307
164	3809
165	658
166	644
167	3526
168	1155
169	5313
170	199
171	123
172	4560
173	1390
174	2923
175	2958
176	971
177	4680
178	2605
179	469
180	1049
181	3421
181	3141
182	3303
183	3676
184	4183
185	118
186	336
187	3186
188	2665
189	3569
190	1460
191	2768
192	3309
192	4092
192	1750
192	339
192	4414
193	830
194	2208
195	3695
196	3984
197	775
198	2126
199	764
199	1978
200	5256
201	4774
202	1167
203	2698
204	4732
204	3673
205	4440
206	955
207	1257
208	3060
209	4763
210	749
211	833
212	4038
213	2307
214	1467
215	3805
215	350
216	843
217	5309
218	5042
219	2211
220	3414
220	2695
221	3028
222	3003
223	3419
224	4142
225	3782
226	350
227	5264
228	2957
229	2959
230	3240
231	2701
232	3257
233	178
234	5363
235	882
236	4371
237	3903
238	2634
239	3762
240	2075
241	83
241	4167
242	1675
243	2987
244	4064
245	3271
246	4612
247	4867
248	1333
249	1815
250	1526
251	5351
252	1973
253	3235
254	3889
255	601
256	249
257	2035
258	5246
259	4324
260	1435
261	3573
262	3665
263	3216
263	238
264	441
264	4394
265	1484
266	1268
267	320
268	1471
269	2967
270	1966
271	3064
272	1913
273	3292
274	1696
275	2257
276	2336
277	459
278	4613
279	3574
280	4570
281	2081
282	1889
283	3692
284	3260
285	2070
286	3280
287	1931
288	2293
289	55
289	2015
289	2813
290	403
291	4963
292	3057
293	2099
294	3700
295	4731
296	3379
297	915
298	848
299	117
300	3440
301	2353
302	1657
303	4083
304	4083
305	1025
306	1942
307	2341
308	2741
309	3405
310	6
311	5229
312	2199
313	2745
314	3175
315	1293
316	1697
316	1692
317	3211
318	4186
319	5385
320	1864
321	3932
322	5221
323	905
324	15
325	1959
326	1403
327	3776
328	950
328	2000
329	5281
330	714
331	4327
332	2277
333	747
334	4395
335	1638
336	3098
337	4887
338	222
339	5149
340	943
341	4309
342	4162
343	4587
344	650
345	1470
346	3561
347	4181
348	2743
349	2930
350	2816
351	260
352	2688
353	3964
354	2992
355	5148
356	3573
357	5027
358	3300
359	2011
360	767
361	465
362	179
363	2571
364	3234
365	3996
366	760
367	3215
368	4369
369	834
370	5112
371	1164
372	1621
373	4673
374	730
375	1068
376	1485
377	5202
377	1909
378	4202
379	827
380	3961
381	5163
382	5107
383	4248
384	4187
385	4544
386	420
387	2897
388	1629
389	3913
390	855
391	2290
392	1441
393	4792
394	2589
395	4672
396	905
397	714
398	717
399	1251
400	4709
401	736
402	5102
403	2489
404	2526
404	5345
405	1244
405	1856
406	4395
407	2184
408	3713
409	2289
410	754
411	2275
412	3139
413	1978
414	2909
414	4384
415	1327
416	2193
417	1614
418	246
419	3775
420	4934
421	4684
422	874
423	1704
424	468
425	2249
426	5259
426	1618
426	1207
427	2244
428	141
429	5043
430	3672
431	5278
432	2845
433	3249
434	4882
435	4745
436	3253
437	1612
438	3856
439	2885
440	2396
441	173
441	512
442	98
443	3308
444	2031
445	4794
445	4592
445	965
445	4520
445	4759
445	979
445	4447
445	2333
445	4161
445	902
445	4941
445	3556
445	3396
445	3323
445	1860
445	1422
445	5189
445	2774
445	1809
445	2241
446	63
447	4055
448	3464
449	1805
450	2416
451	937
452	2168
453	697
454	2990
455	2987
456	3094
457	2580
458	958
459	408
460	1428
461	574
462	5071
462	3808
463	2928
464	2553
465	4584
466	988
467	5396
468	2302
469	3204
470	4747
471	1063
472	1416
473	5358
474	3062
475	5336
476	1550
477	1560
478	1469
479	1640
480	4320
481	3080
482	1473
483	3552
484	2501
485	1649
486	3702
487	3852
488	3148
488	4176
489	461
490	2742
491	758
492	3131
493	4537
494	1278
495	195
496	1640
497	386
498	4581
499	4532
500	4665
501	3825
502	1355
503	1712
504	1459
504	1747
505	2731
506	3713
507	2033
508	3172
509	3154
510	2104
511	2238
512	2532
513	4369
514	3092
515	4827
516	103
517	2261
518	4957
519	375
520	2721
521	3329
522	2122
523	2651
524	2553
525	4757
526	5214
527	3053
528	5093
529	5298
530	2004
531	5087
532	255
533	2493
534	1229
535	13
536	2574
536	5263
537	4505
538	1350
538	2480
539	4192
540	1892
541	4881
542	4057
542	3122
543	2063
544	4785
545	4625
546	2388
547	2610
548	2157
549	5157
549	1069
550	5158
551	3262
552	3779
553	3252
554	1577
555	2095
556	2551
556	4955
557	3030
558	5193
559	4740
559	391
560	5344
561	2398
562	30
563	1850
564	1393
565	390
566	3615
567	3713
568	4197
569	3920
570	4031
571	1105
572	2229
573	3581
574	604
575	995
576	4457
577	2772
578	5169
579	4969
580	2697
581	2186
582	720
583	4749
584	2508
585	2895
586	1705
587	4577
588	2942
589	473
590	4744
591	4338
592	2562
593	4576
594	1142
595	5177
596	2978
597	3816
597	695
598	2189
599	592
600	3573
601	4901
602	1755
603	3066
604	5236
605	4904
606	3149
607	770
608	1026
609	1265
610	1045
611	3116
612	1716
613	1716
614	1716
615	4736
616	4028
617	1643
618	530
619	4300
620	3524
621	2709
622	1405
623	3892
624	2206
625	3175
626	705
627	4468
628	3272
629	3343
630	4801
631	2968
632	4427
633	3306
634	5175
635	701
636	1653
637	3847
637	4350
638	5221
639	1653
640	637
641	2060
642	39
643	3386
644	1240
645	4336
646	3769
647	995
648	3099
649	2557
650	4366
651	2543
652	4024
652	3751
653	677
654	2784
655	3013
656	5394
657	2747
658	1414
658	1646
659	1734
660	3245
661	3246
661	711
662	1267
663	1383
664	1721
665	194
666	2666
667	3465
668	1246
669	226
670	1963
671	34
671	4987
671	2591
672	3861
673	1847
674	1722
675	3675
676	2600
677	7
678	862
679	1485
680	4147
681	4745
682	3117
683	3962
684	1756
684	1436
685	617
686	4092
687	2678
688	3393
688	3360
688	989
689	4081
690	4771
691	1902
691	1039
692	3521
693	1498
694	2740
694	2325
695	208
696	351
697	1605
698	1286
699	3291
700	894
701	4574
702	1415
703	4125
704	4769
705	3943
706	4416
707	3412
708	656
709	4656
710	130
711	1398
712	5269
713	2163
714	1717
715	3464
716	1934
717	620
718	4352
719	1179
720	3456
721	2775
722	2681
722	669
723	1218
723	808
724	1787
725	4442
726	5056
727	1668
728	1668
729	507
730	4647
731	3621
732	4996
733	3247
733	128
734	131
735	5194
736	5234
737	662
738	1745
739	3385
740	3186
741	3923
742	5263
743	4672
744	1180
745	4787
746	3303
747	3807
748	204
749	889
750	3711
751	4970
751	959
752	2618
753	656
754	4094
755	3426
756	2006
757	497
758	4330
759	4421
760	4874
761	5119
762	4967
763	1661
764	2212
765	2328
766	2993
767	5200
768	5106
769	2772
770	2051
771	4496
772	3918
773	3415
774	4379
775	4645
776	135
777	3743
778	4674
779	2823
780	4742
781	954
782	2985
783	3106
784	3297
785	4225
786	8
787	4155
788	523
789	991
790	202
791	1351
792	2922
793	709
794	2069
795	3649
796	1675
797	3539
798	5067
798	449
799	4324
800	1917
801	1683
802	3742
803	2191
804	2924
805	230
806	4483
807	5122
808	2145
809	2496
810	1558
811	1639
812	3134
813	2898
814	1975
815	3310
816	2662
817	2921
818	1675
819	4109
819	1801
820	4102
821	2445
822	2481
823	3893
824	3746
825	4120
826	2930
827	2358
828	2713
829	4070
830	2230
831	635
832	41
833	1697
834	2409
835	122
836	3303
837	1708
838	2815
839	2053
840	3251
841	928
842	164
843	3416
844	3346
845	4400
846	1899
847	1315
848	5096
849	1818
850	1561
851	1321
852	3388
853	342
854	4223
855	746
856	2631
857	2914
857	585
858	4069
859	931
860	5121
860	1521
861	4040
862	4250
863	610
864	2699
865	3720
866	4939
867	4614
868	109
869	1853
869	3035
869	2286
869	1504
869	2417
869	1271
869	3284
870	2704
871	4872
872	5206
873	4581
874	5086
875	942
876	3021
877	2660
878	2219
879	316
880	530
881	4630
882	277
883	4409
884	2761
885	3859
886	1455
887	3162
888	1255
889	3874
890	4370
891	2225
892	3051
893	5038
893	163
894	940
895	2717
896	2220
897	3923
898	4494
899	2559
900	1615
901	210
902	2721
903	614
904	2356
905	3863
906	3169
907	3564
908	3970
909	3637
909	1910
910	1539
911	1659
912	107
913	1658
914	3766
915	2242
916	4147
917	3067
918	4879
919	2157
920	3938
921	3851
922	808
923	769
924	4581
925	3054
926	3227
926	4101
927	3408
928	1415
929	106
930	3188
931	388
932	3063
933	3718
934	2524
935	5242
936	2557
937	500
938	4467
939	3188
940	4272
941	822
941	1655
942	4154
943	3633
944	3988
945	1552
946	4221
947	843
948	3228
949	2553
950	3092
951	5254
952	1274
952	4675
953	4260
954	148
955	1136
956	2681
957	968
958	4823
959	3466
960	2499
960	4508
961	1447
962	1049
963	3256
964	1054
965	308
966	3095
967	3097
968	3942
969	2656
970	2042
971	2767
972	743
973	874
974	4737
975	4229
976	2928
977	675
978	718
979	3221
980	4797
981	581
982	2256
983	338
984	1965
985	1547
986	3941
987	2685
988	1403
989	1237
990	721
991	1720
992	1232
993	1988
994	4352
995	1276
996	1276
997	3016
998	4514
999	2588
1000	1608
1001	3884
1002	2140
1003	478
1004	4165
1005	229
1006	3701
1006	3457
1007	762
1007	2052
1007	3208
1008	762
1009	5328
1010	3613
1011	628
1012	4100
1013	566
1014	2708
1015	3079
1016	2806
1017	3348
1018	4825
1019	3872
1020	3872
1021	365
1022	4693
1023	1019
1024	4329
1025	3489
1026	2715
1027	4403
1028	3714
1029	2058
1030	1107
1031	4403
1032	2996
1033	4957
1034	4265
1035	4333
1036	3220
1037	495
1038	919
1039	3826
1040	3259
1041	2027
1042	4816
1043	1551
1044	3174
1045	4402
1046	2801
1047	4356
1048	5091
1049	3887
1049	5195
1050	3012
1051	1532
1051	2892
1052	1808
1053	4321
1054	2385
1055	2897
1055	4710
1056	126
1057	2462
1058	4766
1059	1026
1060	4476
1061	3211
1062	3641
1063	917
1064	808
1065	2411
1066	2718
1067	940
1068	2514
1069	1787
1070	875
1071	2760
1072	978
1073	1720
1074	2689
1075	1291
1076	3251
1077	1352
1078	4040
1079	1569
1080	2510
1081	2246
1082	4173
1083	1024
1084	1615
1085	2332
1085	1380
1086	3717
1087	3891
1088	454
1089	653
1090	2563
1091	4355
1092	2994
1093	1532
1094	2878
1095	2723
1096	1426
1096	4394
1097	3491
1098	4706
1099	1113
1100	1974
1101	4261
1102	479
1103	1043
1104	1713
1105	1255
1106	87
1107	2586
1108	392
1109	4581
1110	4391
1111	4114
1112	4810
1113	4320
1113	3448
1114	2523
1115	1129
1116	2960
1117	4531
1118	1530
1119	2457
1120	879
1121	4397
1122	724
1123	3442
1124	4058
1124	1097
1124	4894
1125	1458
1126	111
1127	1308
1128	3166
1128	1998
1129	3909
1130	4345
1131	3239
1132	4103
1133	3629
1134	5207
1135	3015
1135	198
1136	2386
1136	3585
1137	2117
1138	5047
1139	2270
1140	2735
1141	4254
1142	3775
1143	46
1144	390
1145	3639
1146	2706
1147	2714
1148	1208
1149	4719
1150	1001
1151	5197
1152	1177
1153	1178
1154	37
1155	2323
1156	1635
1157	5274
1158	1785
1159	4147
1160	2116
1161	2907
1162	1950
1163	1205
1164	2483
1165	3223
1166	3869
1167	4952
1168	1310
1169	4804
1170	4581
1171	1715
1172	39
1173	1134
1174	1846
1174	756
1175	95
1176	4827
1177	774
1178	3615
1179	1163
1180	1687
1181	2772
1182	3142
1183	1405
1184	2082
1184	1070
1185	4597
1186	3303
1187	632
1188	3963
1189	688
1190	2664
1191	3928
1192	1955
1192	1609
1192	1696
1193	2036
1193	1837
1194	4337
1195	2685
1196	3217
1197	3680
1198	2630
1199	1698
1200	4415
1201	465
1202	663
1203	2665
1204	5184
1205	4304
1206	1794
1207	4710
1208	29
1209	726
1210	4751
1211	1488
1212	2401
1213	5182
1214	2503
1215	4076
1216	721
1217	2223
1218	112
1219	2804
1220	3059
1221	3354
1222	2234
1223	1156
1224	2821
1225	2022
1226	1487
1227	3159
1228	241
1229	4155
1230	4831
1231	312
1232	1644
1233	1702
1234	3464
1235	4395
1236	884
1237	3620
1238	4585
1239	5288
1240	3279
1241	5178
1242	3411
1243	4130
1244	4436
1245	4450
1246	4260
1247	1491
1248	395
1249	823
1250	4584
1251	1386
1252	1816
1253	4413
1254	1324
1255	3067
1256	1783
1257	3768
1258	3797
1259	3165
1260	1176
1261	4213
1262	3339
1263	2976
1264	2945
1265	1296
1266	1356
1267	1286
1268	33
1269	1287
1270	2546
1271	3265
1272	318
1273	1849
1274	3909
1275	1890
1276	1696
1277	738
1278	3713
1279	3220
1280	386
1281	5201
1282	5064
1283	2158
1284	2620
1285	1424
1286	1949
1287	5061
1288	5227
1289	2279
1290	3704
1290	516
1291	1772
1292	3605
1293	5053
1294	3800
1294	2205
1295	3049
1296	1184
1297	2444
1298	3392
1299	1183
1300	652
1301	5036
1302	1515
1303	1301
1304	5178
1305	232
1306	4556
1307	5227
1308	2965
1309	784
1310	49
1311	3354
1312	142
1313	930
1314	5373
1315	3067
1316	1226
1317	2769
1318	360
1319	2440
1320	45
1321	3042
1322	1484
1323	1489
1324	2554
1325	104
1326	4594
1327	715
1328	1009
1329	742
1330	4201
1331	905
1332	113
1333	1534
1334	426
1335	5304
1336	5177
1337	3180
1337	1145
1338	4386
1339	4905
1340	3919
1341	3635
1342	2952
1343	1505
1344	1183
1345	5303
1346	1079
1347	4521
1348	1394
1349	2466
1350	1511
1351	4140
1352	347
1353	4674
1354	1028
1355	1866
1356	1786
1357	2694
1358	935
1359	1771
1360	2814
1361	529
1362	1822
1363	1093
1364	5102
1365	5064
1366	3345
1367	4071
1368	2780
1369	4953
1370	3588
1371	966
1372	1400
1373	1621
1374	1429
1375	517
1376	5117
1377	4074
1378	3802
1379	3232
1380	1295
1381	3974
1382	3689
1383	194
1384	3979
1385	4230
1386	2314
1387	1381
1388	2770
1389	5321
1390	3299
1391	59
1392	3500
1393	905
1394	4383
1395	4603
1396	4953
1397	5051
1398	3436
1399	3238
1400	2128
1401	2326
1402	465
1403	2007
1404	2073
1405	5323
1406	3558
1407	5338
1408	2493
1409	1951
1410	1419
1411	4469
1412	351
1413	3989
1414	5154
1415	488
1416	2738
1417	3545
1418	1229
1419	2679
1420	4440
1421	3059
1422	3570
1423	2777
1424	52
1425	4123
1426	2687
1427	1448
1428	425
1429	4535
1430	4149
1431	1659
1432	3048
1433	4418
1434	1450
1435	4483
1436	3188
1437	3484
1438	5111
1439	3959
1440	5027
1441	2846
1442	2484
1443	541
1444	4579
1445	5125
1446	433
1447	2392
1448	3336
1449	4306
1450	3908
1451	4820
1451	3368
1451	2636
1451	3008
1452	1506
1453	1570
1454	1173
1455	3667
1456	2072
1457	922
1458	1642
1459	3894
1460	4700
1461	4292
1462	4346
1463	3212
1464	4826
1465	1323
1466	755
1467	3294
1468	2364
1469	1899
1470	419
1471	556
1472	4138
1473	1233
1474	925
1475	1250
1476	4206
1477	2161
1477	5178
1478	2095
1479	1414
1480	1812
1481	1976
1482	1230
1483	3162
1484	4627
1485	4488
1486	1420
1487	4179
1488	3703
1489	2731
1490	951
1491	2564
1491	1239
1492	1861
1493	38
1494	2230
1495	2861
1496	3128
1497	691
1498	4057
1498	3122
1499	754
1500	13
1500	3767
1501	2255
1502	5029
1503	3555
1504	5220
1505	2197
1506	933
1507	798
1508	2819
1509	66
1509	2363
1510	71
1511	5232
1512	4683
1513	4762
1513	3474
1514	3286
1515	3464
1515	5235
1515	5263
1516	2714
1517	1730
1518	4656
1519	1407
1520	4149
1521	2154
1522	1749
1523	4090
1523	4271
1523	3991
1524	4849
1525	491
1526	5240
1527	3903
1528	3140
1529	4925
1530	3481
1531	5242
1532	1923
1533	1433
1534	789
1535	3848
1536	2324
1537	2303
1538	2893
1538	2982
1539	1363
1540	4264
1541	4226
1542	1219
1543	3072
1544	2779
1545	3823
1546	3791
1547	1839
1548	4322
1548	4833
1549	377
1550	359
1551	1375
1552	685
1553	1412
1554	4542
1555	1175
1556	5091
1557	4680
1558	2617
1559	3197
1560	3758
1561	351
1562	2918
1563	2554
1564	2558
1565	721
1566	1123
1567	4228
1568	3242
1569	1395
1570	1537
1570	4197
1571	2866
1572	3729
1573	2763
1574	2511
1575	573
1576	5108
1577	4932
1577	657
1578	1330
1579	1341
1580	4740
1581	1355
1582	5239
1583	2506
1584	941
1585	2706
1586	1933
1587	2266
1588	3684
1589	4904
1590	2551
1591	253
1592	36
1593	3022
1594	723
1595	5234
1596	4579
1597	2926
1598	1527
1599	3920
1600	4531
1601	3637
1602	2577
1603	1193
1604	727
1605	1529
1606	4496
1607	3025
1608	1640
1609	50
1610	3366
1611	140
1612	1161
1613	1672
1614	3079
1615	3517
1616	4068
1617	2615
1618	5371
1619	1821
1620	3464
1621	1210
1622	2521
1623	4297
1624	482
1625	2506
1626	1545
1627	4291
1628	1536
1629	3488
1630	3478
1631	3424
1632	324
1633	1505
1634	3069
1635	3470
1636	426
1637	4520
1637	1860
1638	5380
1639	1060
1640	1919
1641	2556
1642	2852
1643	1520
1644	1254
1645	4990
1645	2748
1646	5272
1647	1723
1648	4716
1649	2650
1650	2156
1651	1947
1651	421
1652	1322
1652	804
1653	313
1654	582
1655	721
1656	4821
1656	2905
1657	3260
1658	1371
1659	3150
1660	4470
1661	2491
1662	1883
1663	1804
1664	1859
1665	3535
1666	3594
1667	3844
1668	660
1669	1443
1670	4694
1671	3939
1672	2762
1673	124
1674	2137
1675	2691
1676	613
1677	2952
1678	2294
1679	3765
1680	3534
1681	1962
1681	2460
1682	411
1683	1612
1684	1425
1685	4817
1686	3795
1686	3401
1687	4227
1688	911
1689	1344
1690	812
1691	4159
1692	1639
1692	3068
1693	1334
1694	1660
1695	4113
1696	2024
1697	1659
1698	1293
1699	1650
1700	2169
1701	4417
1702	2429
1703	3227
1704	4837
1705	3947
1705	3126
1706	3928
1707	3402
1708	1587
1709	4564
1709	2863
1710	4731
1711	3438
1712	4399
1713	2160
1714	4268
1715	857
1716	3986
1717	3825
1718	1607
1719	1691
1720	21
1721	565
1722	3421
1723	3421
1724	3421
1724	2271
1725	1324
1726	3479
1727	4527
1728	3536
1729	2975
1730	1505
1731	1876
1732	4222
1733	2312
1734	2553
1735	1766
1735	1526
1736	4726
1737	1758
1738	213
1739	4506
1740	1255
1741	1647
1742	351
1743	4513
1744	5240
1745	1091
1746	3815
1747	5260
1748	3041
1749	905
1750	4809
1751	5034
1752	2078
1753	5294
1754	2069
1755	2274
1756	4612
1757	1640
1758	1636
1759	3675
1760	3431
1761	325
1762	248
1762	4450
1763	4542
1764	1874
1764	5299
1765	4716
1766	5273
1767	2706
1768	1766
1769	4634
1770	3753
1771	633
1772	2555
1773	2194
1774	1100
1775	3385
1776	1745
1777	1460
1778	708
1779	3519
1780	3157
1781	4194
1782	718
1783	4284
1784	3033
1785	905
1786	906
1787	2668
1788	1866
1789	4132
1790	1096
1791	446
1792	4148
1793	901
1794	1115
1795	1742
1796	4714
1797	4419
1798	456
1799	4136
1800	3993
1801	3588
1802	1231
1803	5083
1803	2513
1804	5064
1805	2811
1806	1850
1807	2399
1808	4390
1809	2949
1809	4115
1810	2862
1811	2783
1812	4554
1813	2051
1814	1255
1814	2162
1814	3765
1815	695
1816	4207
1817	1717
1818	412
1819	3928
1820	2580
1821	4160
1822	2625
1822	2808
1823	1441
1824	2327
1825	157
1826	224
1827	2218
1828	468
1828	5226
1829	2064
1830	2858
1831	1410
1832	575
1833	2807
1834	934
1835	3289
1836	4020
1837	4607
1838	1613
1839	2463
1840	1293
1841	2201
1842	4352
1843	1659
1844	3259
1845	1527
1846	1085
1847	999
1848	3518
1849	1586
1850	2726
1851	922
1852	167
1853	714
1854	2040
1855	2129
1856	905
1857	1057
1858	4369
1859	5388
1860	2187
1861	1906
1862	1238
1863	2225
1864	5283
1865	380
1866	5377
1866	1409
1867	3211
1868	4289
1869	3915
1870	2829
1871	1806
1872	4178
1873	762
1874	2090
1875	111
1876	4659
1877	3166
1878	4084
1879	3542
1880	1733
1881	1857
1882	4733
1883	2074
1884	4506
1885	1401
1886	1307
1887	1241
1888	1469
1889	2495
1890	2346
1891	1485
1892	5118
1893	4780
1893	3101
1894	4143
1895	3825
1896	1854
1897	4137
1898	731
1899	2623
1900	1553
1900	1300
1901	4078
1901	341
1902	3375
1903	2111
1904	4593
1905	2059
1906	2945
1907	1687
1908	5384
1909	1387
1910	3747
1911	1250
1912	1388
1913	416
1914	2280
1915	1119
1916	1784
1917	890
1918	3757
1919	2543
1920	4303
1921	3886
1922	2759
1923	3601
1924	4220
1925	645
1925	1320
1926	3793
1927	4408
1928	303
1929	2813
1930	3283
1931	4057
1931	3122
1932	3797
1933	1162
1934	2973
1934	4756
1935	780
1936	3297
1936	121
1937	4995
1938	5332
1939	3955
1940	3950
1941	1915
1942	765
1943	5356
1944	576
1944	1194
1945	2517
1946	4302
1947	1495
1948	3610
1949	3582
1950	924
1951	2038
1952	1238
1953	3819
1954	3325
1955	3498
1956	2161
1957	980
1958	1298
1959	4099
1960	5343
1961	4166
1962	4929
1963	5211
1964	4715
1965	5292
1966	995
1967	5
1968	223
1969	1201
1970	3939
1971	3809
1972	1930
1973	3816
1974	3260
1975	716
1976	414
1977	1987
1978	4493
1979	4031
1980	3200
1981	1233
1982	1914
1983	4533
1984	3455
1985	1124
1986	104
1987	2041
1988	4813
1989	1991
1990	3297
1991	1505
1992	1867
1993	4745
1994	1131
1995	88
1996	2775
1997	4591
1998	947
1999	732
2000	1144
2001	5261
2002	2882
2003	1915
2004	733
2005	1595
2006	859
2007	1975
2008	721
2009	4134
2010	1255
2011	2762
2012	3449
2013	5232
2014	1131
2015	4584
2016	5213
2017	715
2017	3209
2018	1192
2019	204
2019	5170
2020	1490
2021	3211
2022	4712
2023	1276
2023	1137
2023	2707
2024	2851
2025	1242
2026	4486
2026	2533
2027	96
2028	3935
2029	2594
2030	3254
2031	1162
2032	5218
2033	4387
2034	1685
2035	1938
2036	852
2037	1957
2038	1871
2039	1511
2040	3774
2041	91
2042	2518
2043	4781
2044	1789
2045	3870
2046	1175
2047	970
2048	550
2049	2127
2050	2514
2050	4398
2051	939
2052	4819
2053	2597
2053	2854
2054	820
2055	418
2056	1223
2057	3175
2058	3063
2059	3561
2060	2932
2061	4855
2062	2687
2063	4156
2064	765
2065	5072
2066	564
2066	5190
2067	3754
2068	1918
2069	399
2070	4517
2071	1891
2072	1484
2073	414
2074	385
2075	728
2076	2001
2077	3212
2078	1517
2079	2897
2080	5274
2081	1649
2082	823
2083	2930
2084	1286
2085	4176
2086	1044
2087	3825
2088	5181
2089	2089
2090	648
2091	1509
2092	4805
2093	3747
2094	1814
2095	3326
2096	1117
2097	2156
2098	1471
2099	2906
2100	5034
2101	2604
2102	4152
2103	636
2104	606
2105	3143
2106	2719
2107	3317
2108	4784
2109	2692
2110	3567
2111	3311
2112	5350
2113	4396
2114	5137
2115	669
2116	743
2117	2329
2118	2750
2119	3830
2120	3075
2121	4542
2122	4114
2123	4840
2124	4798
2125	1276
2126	337
2127	5194
2128	2827
2129	4496
2130	3709
2131	3831
2132	2797
2133	428
2134	996
2135	1229
2136	2261
2137	3092
2138	5331
2139	4222
2140	5302
2141	3098
2142	958
2143	189
2144	4012
2145	4369
2146	5253
2147	555
2148	187
2149	1133
2149	2251
2150	4006
2151	4280
2152	5269
2153	1475
2154	3827
2155	1128
2156	3922
2157	1014
2158	3289
2159	4589
2160	5000
2161	2072
2162	2268
2162	1275
2163	4584
2164	2094
2165	2316
2166	2986
2167	3439
2168	1231
2169	441
2170	2046
2171	4710
2172	2790
2173	5309
2174	5115
2175	4641
2176	5260
2177	2375
2178	4539
2179	2406
2180	1640
2181	2645
2182	4621
2183	296
2184	1372
2185	2360
2185	4640
2186	5332
2187	1541
2188	2007
2189	1774
2190	827
2191	1328
2192	3847
2193	2880
2194	5370
2195	1038
2196	2937
2197	3374
2198	4512
2199	958
2200	4717
2201	3658
2202	4362
2203	721
2204	901
2205	893
2206	4866
2207	2179
2208	1620
2208	5235
2209	2762
2210	2131
2211	1427
2212	4789
2213	1960
2214	5340
2215	4911
2216	876
2217	1882
2218	1505
2219	5290
2220	3007
2221	3081
2222	2762
2223	5214
2224	3446
2225	2869
2225	2080
2226	3250
2227	3448
2228	3693
2229	5036
2230	2817
2231	837
2232	5048
2233	5199
2234	5088
2235	2107
2236	2970
2237	1053
2238	4326
2239	4980
2240	2646
2241	1469
2242	4588
2243	4916
2244	1670
2245	3577
2246	3213
2247	2755
2248	533
2249	1153
2250	1247
2250	421
2251	905
2252	3171
2253	2382
2254	3122
2255	2028
2255	1373
2256	3122
2257	4403
2258	160
2259	3109
2260	4238
2261	3902
2262	3301
2263	3858
2264	360
2265	3278
2266	3079
2267	4436
2268	1760
2269	1737
2270	1170
2271	1190
2272	2665
2273	389
2274	2908
2275	159
2276	1855
2277	2230
2278	4128
2279	5185
2280	3708
2280	3708
2280	3730
2280	3365
2280	3105
2280	3901
2280	5002
2280	5368
2280	2590
2281	2502
2282	3032
2283	3372
2284	941
2285	3721
2286	831
2287	577
2288	1086
2289	4466
2290	1484
2291	3325
2292	3441
2293	4836
2294	4836
2295	1993
2296	1548
2297	3617
2298	822
2299	844
2300	706
2301	1659
2302	2939
2303	3163
2304	4500
2305	357
2306	176
2307	3192
2308	4808
2309	4711
2310	180
2311	1686
2312	1912
2313	1588
2314	4222
2315	318
2316	1250
2317	4700
2318	761
2319	3390
2320	4277
2321	3600
2322	2141
2323	3429
2324	4444
2325	387
2326	288
2327	995
2328	1244
2329	489
2330	4923
2331	507
2332	1591
2333	964
2334	4267
2335	432
2336	2281
2337	364
2338	1084
2339	311
2340	5311
2341	1505
2342	4838
2343	3625
2343	2272
2344	4945
2345	2559
2346	4480
2347	1083
2348	4735
2349	3052
2350	3772
2351	3202
2352	3804
2353	5108
2354	1508
2355	5236
2356	2908
2357	3034
2358	493
2359	3987
2360	1826
2361	5064
2362	3367
2363	5066
2364	4440
2365	2764
2366	4815
2367	2383
2368	4067
2369	4669
2370	3153
2371	3727
2372	4615
2373	2855
2374	1033
2375	1617
2376	2466
2377	2490
2378	2708
2379	5320
2380	1319
2381	4225
2382	3924
2383	3610
2384	3797
2385	3024
2386	5356
2387	2638
2387	5060
2388	5318
2389	2930
2389	4566
2389	2786
2390	2864
2391	2962
2392	1742
2393	4256
2394	65
2395	4374
2396	2297
2397	4528
2398	2531
2399	979
2400	5006
2401	2961
2402	940
2403	1464
2404	42
2405	155
2406	1494
2406	4027
2407	3248
2408	3936
2409	221
2410	570
2411	4757
2412	498
2413	2744
2414	1293
2415	5027
2416	2679
2417	1979
2418	5355
2419	907
2420	4917
2421	5114
2422	553
2423	2692
2424	4054
2425	3588
2426	436
2427	3916
2428	2435
2429	3675
2430	3217
2431	4439
2432	1726
2433	4392
2434	2606
2435	1272
2436	2508
2437	5265
2438	5020
2439	193
2440	5231
2441	3205
2442	2950
2443	308
2443	2578
2443	41
2444	3580
2445	3
2446	4158
2447	5369
2448	4812
2449	3654
2450	362
2451	4690
2452	3124
2453	1359
2454	4171
2455	3693
2456	5210
2456	4017
2457	3215
2458	2284
2459	655
2460	1347
2461	1387
2462	484
2463	3357
2464	350
2465	1811
2466	4612
2467	3592
2468	4834
2469	4691
2470	350
2471	3622
2472	2623
2473	3045
2474	3306
2475	4779
2476	631
2477	714
2478	2268
2479	3976
2480	3433
2481	3066
2482	5017
2483	3087
2484	4869
2485	2543
2486	595
2487	2141
2488	1331
2489	4451
2490	4677
2491	3770
2492	2589
2493	1648
2494	4029
2495	5100
2496	4561
2497	4157
2498	4601
2499	4738
2500	2448
2501	5142
2502	5144
2503	4842
2504	2628
2505	4039
2506	5369
2507	4965
2507	2629
2508	3010
2509	3330
2510	4014
2511	626
2512	3437
2513	3111
2514	2086
2515	3382
2516	3693
2517	1968
2518	765
2519	2659
2520	447
2521	1941
2522	3713
2523	1977
2524	2260
2525	3095
2526	2327
2527	4730
2528	2261
2528	756
2529	4637
2530	2946
2531	3663
2531	4637
2532	305
2533	3772
2534	2951
2535	3345
2536	4685
2537	132
2538	5040
2539	2847
2540	4091
2540	4919
2541	4023
2542	367
2543	2156
2544	4578
2545	1176
2546	958
2547	44
2548	4609
2549	2800
2550	5156
2551	2315
2552	4992
2552	4896
2553	4595
2554	5069
2555	1791
2556	4639
2557	2105
2558	5139
2559	3595
2560	565
2561	5046
2562	2797
2563	3618
2564	264
2565	846
2566	4606
2567	4875
2568	1762
2569	323
2570	5322
2571	4190
2572	4059
2573	3597
2574	2899
2575	3792
2576	2820
2577	2832
2577	1998
2578	4981
2579	1952
2580	355
2581	4746
2582	302
2583	5054
2584	435
2585	765
2586	2033
2587	4947
2588	1228
2589	3014
2590	937
2591	3809
2592	4800
2593	4700
2593	4863
2594	4863
2595	4639
2596	3775
2597	2930
2598	3460
2599	1543
2600	5176
2601	1869
2602	2817
2603	5295
2604	1831
2605	522
2606	2311
2607	5165
2608	4122
2609	5257
2610	1652
2611	2120
2612	4249
2613	4853
2614	4741
2615	1770
2616	787
2617	5161
2618	483
2619	737
2620	4900
2621	2182
2622	1250
2623	1519
2624	1487
2625	4714
2626	4653
2627	47
2628	3839
2629	1970
2630	1228
2631	3671
2632	4799
2633	1385
2634	1644
2635	4961
2636	1898
2637	2983
2638	5180
2639	3784
2640	821
2641	145
2642	2292
2643	4011
2644	2320
2645	60
2646	2996
2647	2494
2648	600
2649	3980
2650	878
2651	5196
2652	4332
2653	1040
2654	1767
2655	3719
2656	2543
2657	2221
2658	3816
2659	4523
2660	2625
2660	2808
2661	1262
2662	1784
2663	1000
2664	3828
2665	89
2666	3703
2667	5133
2668	1775
2669	2751
2670	1769
2671	2616
2672	1597
2673	5296
2674	228
2675	4974
2676	4376
2677	4434
2678	2594
2679	5204
2680	486
2681	1167
2682	3611
2683	1759
2684	2155
2684	4860
2685	3965
2686	5393
2687	205
2688	5184
2689	2273
2690	3982
2691	3085
2692	4285
2693	1169
2694	1531
2695	4650
2696	2724
2697	1434
2698	712
2699	2342
2700	567
2701	4137
2702	2536
2703	1217
2704	2171
2705	2161
2706	5073
2707	1943
2707	4215
2708	5223
2709	3786
2710	4005
2711	3911
2712	2186
2713	354
2714	3432
2715	3923
2716	2624
2717	714
2718	1939
2719	381
2720	5308
2721	642
2722	1485
2723	1044
2724	4846
2725	813
2726	3337
2727	4623
2728	343
2729	5164
2730	2254
2731	3716
2732	763
2733	795
2734	1522
2735	1963
2736	2259
2737	638
2738	1807
2739	2373
2740	5093
2741	3359
2742	2312
2743	2427
2744	2964
2745	1447
2746	2423
2747	4030
2748	2299
2749	4126
2750	3722
2751	651
2752	1401
2753	4245
2754	2752
2755	3865
2756	2198
2757	1606
2758	3956
2759	2048
2760	4393
2761	4745
2762	5274
2763	1988
2764	2895
2765	514
2766	4339
2767	2170
2768	4347
2769	3334
2770	868
2771	2933
2772	2505
2773	4475
2774	2481
2775	711
2776	2293
2777	4545
2778	3034
2779	1849
2780	3527
2781	3732
2782	3355
2783	2994
2784	4031
2785	3728
2786	3544
2787	167
2788	4459
2789	5307
2790	4403
2791	5349
2792	2001
2793	77
2794	624
2795	4699
2796	2929
2797	3609
2797	3098
2798	4196
2799	2520
2800	1
2801	2812
2802	3313
2803	1647
2804	4347
2805	4432
2806	2616
2807	467
2808	3188
2809	4084
2810	2126
2811	2726
2812	1922
2813	4890
2814	5116
2815	2859
2816	345
2817	1681
2818	32
2819	4123
2820	3464
2821	501
2822	2671
2823	1340
2824	1378
2825	1180
2825	3211
2826	2103
2827	5159
2828	1641
2829	1717
2830	216
2831	3132
2832	3312
2833	2147
2834	227
2835	3418
2836	2822
2837	5053
2838	298
2839	72
2840	1887
2841	3665
2842	762
2842	2052
2843	415
2844	445
2845	334
2845	3177
2846	4034
2847	2174
2848	3966
2849	3628
2850	4697
2851	3912
2852	5097
2853	4246
2854	656
2855	547
2856	4255
2857	1177
2858	1903
2859	2529
2860	1089
2861	5214
2862	2308
2863	1484
2864	4388
2865	82
2866	4051
2867	4865
2868	1922
2869	5146
2870	3270
2870	3418
2871	1096
2872	1693
2873	5306
2874	5335
2875	2995
2876	1598
2877	3160
2877	4485
2878	64
2879	5033
2880	1489
2881	1921
2882	626
2883	3578
2884	3962
2885	1098
2886	762
2887	4077
2888	2565
2889	1255
2890	3509
2891	3719
2892	2078
2893	532
2894	1542
2895	3019
2896	5244
2897	5136
2898	404
2898	1798
2899	4841
2899	4217
2900	213
2901	51
2902	2319
2903	656
2904	2902
2905	3464
2906	4720
2907	1354
2908	1977
2909	5092
2910	905
2911	3770
2912	3051
2913	2708
2914	3894
2915	4401
2916	2176
2917	4197
2918	808
2919	1485
2920	4580
2921	814
2921	880
2922	3773
2923	3920
2924	304
2925	4429
2926	2714
2927	2585
2928	3963
2929	1153
2930	940
2931	186
2932	1893
2933	4147
2934	4031
2935	1029
2936	12
2937	1866
2938	3115
2939	1168
2940	1996
2941	5314
2942	1479
2943	3422
2944	2215
2945	3857
2946	850
2947	2953
2948	5293
2949	3316
2949	3998
2950	3674
2951	2838
2952	3696
2953	1451
2954	1026
2955	1225
2956	4125
2957	3749
2958	2365
2959	330
2960	826
2961	5207
2962	3174
2963	1465
2964	596
2965	2230
2966	3031
2967	2611
2967	720
2968	4714
2969	4933
2970	2626
2971	3780
2972	1449
2973	3754
2974	3168
2975	5273
2976	1276
2977	62
2978	2722
2979	3561
2980	2988
2981	4224
2982	2736
2983	634
2984	1426
2985	5247
2986	823
2986	2505
2987	3211
2988	799
2988	3051
2989	1442
2990	70
2991	3452
2992	1280
2993	3777
2994	4709
2995	4754
2996	2516
2997	4067
2998	2768
2999	3849
3000	4707
3001	3734
3002	1640
3003	2925
3004	3930
3004	591
3005	5361
3006	292
3007	4526
3008	1344
3009	5131
3010	4563
3011	4927
3012	5215
3013	2536
3014	2708
3015	2639
3016	2216
3017	1835
3018	5375
3019	5186
3020	5242
3021	1914
3022	1787
3023	4253
3024	2101
3024	2100
3025	4958
3026	1634
3027	2994
3028	1846
3029	2568
3030	5169
3031	3713
3032	1676
3033	5109
3034	2687
3035	5031
3036	4692
3037	4604
3038	5045
3038	4854
3039	2919
3040	3257
3041	4794
3042	2498
3043	1095
3044	5127
3045	3514
3046	3211
3047	905
3048	3151
3049	4414
3050	2700
3051	1249
3052	2071
3052	420
3053	194
3054	1266
3055	3288
3056	1294
3057	332
3058	711
3059	108
3060	1746
3061	4715
3062	4403
3063	4747
3064	387
3065	4095
3065	1304
3065	5173
3066	102
3067	2418
3068	2418
3069	1978
3070	1485
3071	1655
3072	1125
3073	2126
3074	3647
3075	1753
3076	2105
3077	2224
3078	4667
3079	3764
3080	207
3081	2535
3082	3630
3083	2795
3084	1735
3085	1795
3086	69
3087	901
3088	240
3089	2391
3090	4147
3091	1799
3092	1281
3093	303
3094	3406
3094	3410
3095	5192
3096	4275
3097	3788
3098	315
3099	5232
3100	627
3101	958
3102	3191
3103	3798
3104	5057
3105	4062
3105	3103
3106	3305
3107	5228
3108	2185
3109	1554
3110	1914
3111	3336
3112	2607
3113	4241
3114	2291
3115	2868
3116	3081
3117	703
3118	3589
3119	3925
3120	2210
3120	1635
3121	4516
3121	468
3122	4710
3123	1863
3124	696
3125	3890
3126	4615
3127	3261
3128	1720
3129	2202
3130	3982
3131	2395
3132	1437
3133	4464
3133	3133
3134	5041
3135	1154
3136	525
3137	2287
3138	950
3139	2378
3140	731
3140	823
3141	2152
3142	4693
3143	152
3144	3604
3145	1360
3146	2956
3146	4649
3147	2729
3148	2961
3149	2213
3150	249
3151	3399
3152	1211
3153	5273
3154	4251
3155	3037
3156	2984
3157	759
3158	130
3159	2581
3160	1461
3161	1143
3162	808
3163	3861
3164	1432
3165	530
3166	2232
3167	4581
3168	290
3169	2954
3170	1877
3171	469
3172	1337
3173	5079
3173	1814
3174	4240
3175	2479
3176	2778
3177	4916
3178	2343
3179	578
3180	4456
3181	5143
3182	1159
3183	2609
3184	842
3185	4833
3186	284
3187	3119
3188	2230
3189	1966
3190	4830
3191	753
3192	3553
3193	4389
3194	1974
3195	5254
3196	5252
3197	1476
3198	4260
3199	2161
3200	5233
3201	563
3202	5024
3202	2567
3203	1112
3204	3117
3205	5221
3206	3248
3207	1297
3208	3933
3209	1559
3210	439
3211	344
3212	4417
3213	3571
3214	4416
3215	2065
3216	1452
3217	2215
3218	2079
3219	4461
3220	3038
3221	111
3222	1792
3223	1911
3224	2573
3225	3307
3226	4944
3227	1927
3228	4031
3229	4459
3230	3095
3231	239
3232	5029
3233	5092
3234	3796
3235	1990
3236	2492
3237	5146
3238	2655
3239	4358
3240	1521
3241	2400
3242	1241
3243	4268
3244	4335
3245	3374
3246	1124
3247	1441
3248	1524
3249	1896
3250	4949
3251	4397
3252	177
3252	3571
3252	981
3253	2007
3254	1685
3255	5299
3256	4765
3257	2788
3258	1814
3259	3508
3260	3652
3261	1966
3262	781
3263	3617
3264	365
3265	5207
3266	1423
3267	1952
3268	960
3269	3737
3270	4676
3271	4412
3272	1396
3273	2264
3274	767
3275	2018
3276	3597
3277	4609
3278	4755
3279	2806
3280	4308
3281	5387
3282	5357
3282	3814
3283	5372
3284	2452
3285	2732
3286	3074
3287	4176
3288	2174
3289	638
3290	1979
3291	2733
3292	1374
3293	2338
3294	2075
3295	3837
3296	3224
3297	952
3298	4158
3299	4565
3300	5009
3301	1640
3302	3669
3303	1751
3304	361
3305	5390
3306	3061
3307	509
3308	4144
3309	2512
3310	1866
3311	5275
3311	2994
3312	352
3313	696
3314	1856
3315	4403
3315	5161
3316	4738
3317	4652
3318	4133
3319	3115
3320	3894
3321	204
3322	2150
3323	18
3324	3650
3325	4191
3326	3152
3327	3825
3328	382
3329	4638
3330	5068
3331	3354
3332	2432
3333	2757
3334	840
3335	1032
3335	3690
3336	3354
3337	2026
3338	920
3339	3170
3340	4331
3341	3599
3342	3367
3343	2962
3344	2927
3345	3733
3346	2076
3347	5366
3347	5364
3348	4104
3349	4425
3350	4529
3351	297
3352	4650
3353	3260
3354	194
3355	1766
3356	3921
3357	2534
3358	4844
3359	1457
3359	1264
3360	3496
3361	2295
3362	1188
3363	1995
3364	763
3365	4216
3366	4283
3367	4546
3368	1807
3369	1440
3370	3075
3371	4357
3372	2095
3373	3472
3374	4279
3375	4754
3376	400
3376	3992
3377	2134
3378	1175
3379	4278
3380	1615
3381	1426
3382	1003
3383	2074
3384	2599
3384	3324
3385	1904
3386	2192
3387	4913
3388	5331
3389	4689
3390	1030
3391	5232
3391	3767
3391	786
3391	1646
3392	4482
3393	4863
3394	2783
3395	2871
3396	5166
3397	1228
3398	4
3399	4483
3400	2067
3401	1740
3402	5242
3403	4288
3403	4299
3404	740
3405	700
3406	3094
3407	110
3408	3116
3409	1971
3410	2541
3411	1404
3412	5342
3413	3415
3414	2749
3415	2415
3416	3593
3417	219
3418	2665
3419	2655
3420	3181
3421	1840
3422	4525
3423	3409
3424	134
3425	3103
3426	733
3427	3411
3428	4452
3429	1630
3430	2652
3431	2126
3432	2994
3433	3486
3434	104
3435	1288
3436	3212
3437	1130
3438	571
3439	589
3440	1157
3441	3071
3442	3373
3443	3898
3444	3493
3445	2012
3446	5027
3447	1719
3448	139
3449	4654
3450	3413
3450	3418
3451	1337
3452	3688
3453	2837
3454	354
3455	4694
3456	348
3457	3005
3458	2102
3459	3964
3460	423
3461	1364
3462	3176
3463	3124
3464	2693
3465	1215
3466	1878
3467	1065
3468	4657
3469	1313
3470	3735
3471	2511
3472	2482
3473	3135
3474	3632
3475	4194
3476	3260
3477	1944
3478	5110
3479	5164
3480	4479
3481	3281
3481	476
3482	5330
3483	10
3484	2952
3485	187
3486	3118
3487	2222
3488	958
3489	3826
3490	2515
3491	2063
3492	185
3493	3014
3494	1880
3495	243
3496	1213
3497	295
3498	815
3499	2054
3500	5317
3501	172
3502	2010
3503	860
3504	3164
3505	4802
3506	4510
3507	4363
3508	268
3509	2165
3510	4760
3511	3492
3512	4503
3513	4177
3514	5378
3515	1619
3516	209
3517	3812
3518	3985
3519	687
3520	3882
3521	1535
3522	1468
3523	2405
3524	4625
3525	4148
3526	1496
3527	1174
3528	4597
3529	3134
3530	647
3531	2063
3532	725
3533	3340
3534	3645
3535	1502
3536	2737
3537	231
3538	4007
3539	1993
3540	2408
3541	4954
3542	3172
3543	4314
3544	1501
3545	4870
3546	5367
3547	158
3548	4224
3548	4222
3549	3573
3550	3198
3551	3266
3552	3651
3553	583
3554	477
3555	282
3556	1060
3557	3463
3558	923
3559	1209
3560	1151
3561	1662
3562	2908
3563	2022
3564	138
3565	5151
3565	1663
3566	4858
3567	1605
3568	693
3569	236
3570	1332
3571	1347
3572	35
3573	107
3574	1910
3575	1099
3576	4588
3577	1851
3578	3532
3579	808
3580	4541
3581	3462
3582	2184
3583	2633
3584	3434
3585	4266
3586	572
3587	806
3588	3420
3589	2601
3590	277
3591	939
3592	916
3593	3302
3594	1316
3595	702
3596	2317
3597	1237
3598	1366
3599	5104
3600	669
3601	146
3602	1391
3603	417
3604	5
3605	1760
3606	1650
3607	3144
3608	3264
3609	3187
3610	4128
3611	1454
3612	2805
3613	1555
3614	3073
3615	698
3616	3536
3617	3877
3618	346
3619	4053
3620	3009
3621	4219
3622	4209
3623	1925
3624	186
3625	3877
3626	4453
3627	3487
3628	768
3629	4310
3629	1185
3630	2987
3631	51
3632	2348
3633	4783
3634	1540
3635	3739
3636	393
3637	4050
3638	349
3639	3436
3640	2550
3641	4666
3642	929
3643	1518
3644	1894
3645	2393
3646	5085
3647	1662
3648	660
3649	1937
3650	4977
3651	4031
3652	823
3653	5101
3654	1483
3655	161
3656	1319
3657	314
3658	5036
3659	1621
3660	1303
3660	4773
3661	2346
3662	3420
3663	427
3664	1653
3665	3207
3666	4063
3667	4557
3668	3969
3669	1994
3670	1258
3671	5248
3672	998
3673	1923
3674	2690
3675	331
3676	3384
3677	2068
3678	584
3679	719
3680	1177
3681	1744
3682	958
3683	5076
3684	3435
3685	4203
3686	368
3687	711
3688	4661
3689	2348
3690	3244
3691	1438
3692	1988
3693	3539
3694	3547
3695	839
3696	938
3697	5299
3698	3356
3699	1090
3700	5074
3701	1108
3702	4468
3703	4031
3704	2162
3705	2203
3706	5212
3706	1485
3707	4725
3708	5232
3709	4777
3710	1263
3711	4234
3712	4204
3713	3319
3714	2727
3715	4127
3716	1181
3717	1420
3718	1087
3719	4330
3720	3507
3721	1282
3722	1522
3722	2476
3723	1522
3723	2476
3724	1522
3724	2476
3725	1522
3725	2476
3726	669
3727	882
3728	1317
3729	1701
3729	4575
3730	2570
3731	4518
3732	3520
3733	3016
3734	4365
3735	3675
3736	956
3737	4909
3738	851
3739	2077
3740	3458
3741	4492
3742	2707
3743	913
3744	32
3745	4408
3746	3166
3747	940
3747	2716
3748	3395
3749	1444
3750	1446
3751	4750
3752	4318
3752	4318
3752	4318
3753	2366
3754	1158
3755	2110
3756	3699
3757	766
3758	4022
3759	5063
3760	5018
3761	2572
3762	3333
3763	2433
3764	4959
3765	2430
3765	2975
3766	1260
3767	4962
3768	373
3769	2447
3770	3428
3771	2789
3772	4920
3773	509
3774	1956
3775	3475
3776	3475
3777	4484
3778	4772
3779	2098
3780	5167
3781	1425
3782	2676
3783	114
3784	5347
3784	3745
3785	1191
3786	1915
3787	714
3788	2058
3789	4368
3790	3188
3791	3723
3792	2804
3792	3840
3793	1628
3794	4551
3795	1935
3796	1214
3797	5070
3798	2411
3799	599
3800	2261
3801	2959
3802	1797
3803	3534
3804	1462
3805	1821
3806	885
3807	4465
3808	4107
3809	2818
3810	441
3811	448
3812	448
3813	3028
3814	5134
3815	1430
3816	4222
3817	4411
3818	1264
3819	1738
3820	3044
3821	5191
3822	3120
3823	2328
3824	3303
3825	3293
3826	4277
3827	0
3828	2497
3829	340
3830	1623
3831	480
3832	2720
3833	4176
3834	220
3835	335
3836	4403
3837	993
3838	4984
3839	609
3840	714
3841	3588
3842	5271
3843	1570
3844	3320
3845	4259
3846	3144
3847	4394
3848	1175
3849	3200
3850	3451
3851	104
3852	2998
3853	4548
3854	1103
3855	4712
3856	1264
3857	4562
3858	855
3859	511
3860	2667
3860	5382
3861	2096
3862	3186
3863	4879
3864	4676
3865	3190
3866	3403
3867	3679
3868	2135
3869	3511
3870	4283
3871	3949
3872	715
3873	807
3874	1279
3875	3618
3876	4119
3877	1659
3878	5287
3879	600
3880	3771
3881	331
3882	168
3883	4163
3884	5365
3885	5030
3886	3540
3887	4111
3888	5080
3889	3236
3890	1010
3891	1143
3891	2640
3892	4088
3893	3883
3894	4829
3895	5263
3896	805
3897	1838
3898	2520
3899	751
3900	1485
3901	2537
3902	167
3903	2935
3904	3298
3905	4888
3906	2798
3907	3201
3908	4121
3909	5347
3909	3745
3910	2677
3911	5187
3912	3906
3913	3403
3914	4131
3915	5203
3916	2335
3917	451
3918	3263
3919	3857
3920	1229
3921	5039
3922	4718
3923	254
3924	4224
3925	4953
3926	4128
3927	4450
3928	116
3929	897
3930	2166
3930	2369
3930	4942
3930	2875
3931	1458
3932	3049
3933	3383
3934	3181
3935	3103
3936	1241
3937	1901
3938	309
3939	499
3940	3703
3941	2116
3942	2913
3942	3904
3943	4059
3944	2195
3945	2043
3946	1525
3947	3472
3948	61
3949	2151
3950	3403
3951	1651
3952	3102
3953	5260
3954	5172
3955	2133
3956	2165
3957	319
3958	1234
3959	3836
3960	5241
3961	2286
3962	5225
3963	3997
3964	1654
3965	2019
3966	4703
3967	4307
3967	2867
3968	270
3969	2994
3970	3668
3971	4698
3972	4878
3973	2119
3974	1802
3975	3349
3976	4572
3977	1864
3978	3822
3979	1720
3980	1253
3981	3297
3982	4372
3983	1139
3983	4667
3983	1698
3984	300
3985	3587
3986	3134
3987	5055
3988	310
3989	2680
3990	3059
3991	3199
3992	2164
3993	3735
3994	2050
3995	1925
3996	1927
3997	5086
3998	3683
3999	2138
4000	4324
4001	3200
4002	5180
4003	4925
4004	4124
4004	5379
4004	994
4005	4260
4006	2539
4007	3677
4007	273
4008	3096
4008	1109
4009	2249
4010	3218
4011	681
4012	5329
4013	3561
4014	4180
4015	2349
4016	4633
4016	502
4017	5286
4018	346
4019	2560
4020	4305
4021	791
4022	3875
4023	3879
4024	252
4025	4262
4026	4937
4027	2762
4028	3543
4029	4198
4030	2285
4031	2598
4032	3932
4033	3853
4034	801
4035	151
4036	4956
4036	4857
4036	86
4037	4295
4038	4341
4039	4392
4040	4543
4041	250
4042	386
4043	4463
4044	4803
4045	4642
4046	4128
4047	301
4047	1104
4048	891
4049	387
4050	2039
4051	782
4052	4407
4053	3528
4054	2554
4055	1997
4056	3864
4057	1924
4058	856
4059	1528
4060	5179
4061	251
4062	1617
4063	2055
4064	2553
4065	4868
4066	3103
4067	1732
4068	1731
4069	1989
4070	2233
4071	3042
4072	2707
4073	2788
4074	4108
4075	2125
4076	1734
4077	3986
4078	4317
4079	3490
4080	4852
4081	2608
4082	3179
4083	3344
4084	2249
4085	832
4086	2315
4087	5285
4087	286
4087	5392
4088	4768
4089	539
4090	214
4091	5335
4092	5016
4093	5395
4094	470
4095	429
4096	171
4097	2613
4098	1002
4099	2614
4100	905
4101	1286
4102	2663
4103	2249
4104	4044
4105	926
4106	4526
4107	5299
4108	3056
4109	3516
4110	2675
4111	2328
4111	3915
4112	3955
4113	3296
4114	3915
4115	5301
4116	4068
4117	4348
4118	748
4119	3464
4120	1630
4121	5008
4122	4924
4122	1988
4122	5160
4122	3768
4122	5191
4122	3260
4123	3619
4124	156
4125	5305
4126	4228
4127	4722
4128	1484
4129	2850
4129	4286
4130	776
4131	4290
4132	3107
4133	1624
4134	2475
4135	1572
4136	2730
4137	4489
4138	1583
4139	3859
4140	4303
4141	5169
4142	5126
4143	1810
4144	1546
4145	2324
4146	3454
4147	1221
4147	4104
4148	405
4149	2710
4150	4405
4151	2650
4152	4655
4153	4211
4153	1482
4154	582
4155	628
4156	1881
4157	1557
4158	2062
4159	3088
4160	5050
4160	3203
4161	4097
4162	3098
4163	1197
4164	1858
4165	3760
4166	3810
4167	3423
4168	4987
4168	19
4169	2525
4170	4897
4171	3290
4172	838
4173	3380
4174	511
4175	3643
4176	1790
4177	5221
4178	1056
4179	4194
4180	3407
4181	5064
4182	2123
4183	2952
4184	3445
4185	3703
4186	984
4187	4135
4188	3596
4189	4036
4190	2444
4191	5335
4192	4060
4192	1198
4193	4935
4194	4900
4195	579
4196	4646
4197	3844
4198	2464
4199	3940
4200	1016
4200	1624
4201	242
4202	1389
4203	181
4203	3246
4204	1936
4205	659
4206	4567
4207	1200
4208	1202
4209	1712
4210	4584
4211	3648
4212	4600
4213	16
4214	2950
4215	527
4216	5299
4217	4090
4218	707
4219	5120
4220	1699
4221	511
4222	1377
4223	3092
4224	2229
4225	374
4226	4973
4227	2949
4227	4569
4228	3755
4229	607
4230	2888
4231	1493
4232	2410
4233	2543
4234	3164
4235	2170
4236	1176
4237	3084
4238	389
4239	4817
4240	2840
4241	876
4242	5299
4243	3986
4244	271
4245	353
4246	1507
4247	1343
4248	1877
4249	5146
4250	453
4251	2789
4252	1946
4253	646
4254	652
4255	1326
4256	5183
4257	59
4258	4216
4259	3976
4260	437
4261	4475
4262	4619
4263	2782
4263	2458
4264	4325
4264	1474
4265	4306
4266	3860
4266	4581
4267	3917
4268	4152
4269	3459
4270	3666
4271	666
4272	3184
4273	2779
4274	4708
4275	283
4276	4501
4277	3000
4277	2380
4278	4620
4279	5295
4280	2549
4281	1242
4282	1668
4283	3171
4284	3049
4285	3990
4286	3200
4287	4671
4288	605
4289	475
4290	3070
4291	1203
4292	4069
4293	2641
4294	129
4295	1244
4296	3909
4297	5171
4298	120
4299	2657
4300	3381
4301	1408
4302	4696
4303	1151
4304	887
4305	4218
4305	4061
4306	1599
4306	2097
4307	1346
4308	2975
4309	245
4310	1678
4311	2143
4312	3127
4313	294
4314	1043
4315	464
4316	1241
4317	5103
4318	2703
4319	3895
4320	4739
4321	932
4322	67
4323	2885
4324	2818
4325	669
4326	2804
4327	4504
4328	1890
4329	475
4330	3448
4331	654
4332	263
4333	2066
4334	2481
4335	976
4336	1800
4337	4646
4338	1649
4339	4844
4340	3450
4341	2404
4342	4165
4343	4701
4344	2226
4345	2618
4346	4578
4347	5155
4347	3740
4348	4559
4349	2225
4350	982
4351	4968
4352	2301
4353	2575
4354	2609
4355	4966
4356	4966
4357	2987
4358	431
4359	899
4360	2606
4361	4214
4362	3449
4363	4118
4364	3710
4365	3999
4366	2931
4367	1972
4368	103
4369	2984
4370	3656
4371	4599
4372	2445
4373	5327
4374	4861
4375	2130
4376	1162
4377	1367
4378	2214
4379	1875
4379	3533
4380	3451
4381	3376
4382	1972
4383	5258
4384	2298
4385	187
4386	1987
4387	312
4387	9
4388	1123
4389	1622
4390	3462
4391	1807
4392	4021
4393	1920
4394	3200
4395	3108
4395	792
4396	4968
4397	4024
4398	2816
4399	2674
4400	5353
4401	841
4402	3943
4403	1292
4404	3578
4405	4187
4406	4188
4407	262
4408	1015
4409	1335
4410	4147
4411	4943
4412	1243
4413	187
4414	331
4415	4165
4416	2665
4417	4991
4418	3550
4419	3169
4419	3666
4419	3171
4419	3304
4419	1353
4420	4661
4421	4735
4422	892
4423	4312
4424	901
4425	3359
4426	1486
4427	4964
4428	1146
4429	2327
4430	1368
4431	5214
4432	1615
4433	2802
4434	816
4435	1224
4436	739
4437	674
4438	62
4439	4147
4440	2723
4441	4014
4442	5057
4443	3657
4444	905
4445	2095
4446	3342
4447	452
4448	5084
4449	233
4450	1369
4451	1992
4452	5169
4453	17
4454	1841
4455	1283
4456	5245
4457	4618
4457	1711
4458	4145
4459	487
4460	2267
4461	4608
4462	2235
4463	2229
4464	2153
4465	3092
4466	4735
4467	4515
4468	4811
4469	2047
4470	5381
4471	241
4472	2635
4473	79
4474	1728
4475	3090
4476	2920
4477	733
4478	2818
4479	233
4480	4515
4481	2419
4482	4528
4483	2302
4483	0
4484	4853
4485	4536
4486	2938
4487	265
4488	905
4489	2609
4490	1401
4491	177
4491	981
4492	5004
4493	3806
4494	2824
4495	3584
4496	3926
4497	2321
4498	2870
4499	5249
4500	4446
4501	4775
4502	1538
4503	3113
4504	3001
4505	1769
4506	2340
4507	1325
4508	2739
4509	4047
4510	1978
4511	1981
4512	2716
4513	4999
4514	3966
4515	4851
4516	4473
4517	2118
4518	3566
4519	3693
4520	2708
4521	5197
4522	2113
4523	2376
4524	5316
4525	4515
4526	95
4527	3050
4528	3939
4529	2108
4530	5348
4531	3387
4532	192
4533	4412
4534	1699
4535	1072
4536	4098
4537	5260
4538	1048
4539	4617
4540	1635
4541	396
4542	339
4543	254
4544	2032
4545	3981
4545	877
4546	3881
4547	4889
4548	4922
4549	2787
4550	1335
4551	4758
4552	5227
4553	3054
4554	3178
4555	4652
4556	2
4557	3211
4558	1905
4559	1899
4560	1162
4561	974
4562	4347
4563	1101
4564	1796
4565	785
4566	958
4567	2974
4568	3158
4569	5251
4569	4886
4570	1779
4571	745
4572	4997
4573	519
4574	3220
4575	1204
4576	73
4577	1945
4578	870
4579	494
4580	1891
4581	2275
4582	1765
4583	3838
4584	4747
4585	1873
4586	4096
4587	5064
4588	4920
4589	2789
4590	4764
4591	1472
4592	3532
4593	1456
4594	1642
4595	1640
4596	1834
4597	4786
4597	4960
4598	3364
4599	3787
4600	3781
4601	3039
4602	4366
4603	1269
4604	1036
4605	771
4606	4670
4607	855
4608	632
4609	3079
4610	587
4611	508
4612	1236
4613	593
4614	4169
4615	1519
4616	1082
4617	683
4618	2046
4619	4903
4620	586
4621	3713
4622	639
4623	3123
4624	778
4625	1807
4626	426
4627	4581
4628	4540
4629	143
4630	4323
4630	2874
4631	455
4632	2413
4632	3229
4633	2568
4634	4403
4635	3554
4636	1714
4637	4082
4638	2428
4639	944
4640	5389
4641	4824
4642	520
4643	1088
4644	414
4645	57
4646	5352
4647	2972
4648	1982
4649	3551
4650	3082
4651	910
4652	2989
4653	1862
4653	4770
4654	3829
4655	1227
4656	2978
4657	173
4658	4734
4659	661
4660	2433
4661	2799
4662	3115
4663	4745
4664	1294
4665	2669
4666	2058
4666	1256
4667	133
4668	5092
4669	4658
4670	4112
4671	444
4672	3497
4673	963
4674	2915
4675	4284
4676	1206
4677	619
4677	1211
4677	1088
4677	1594
4678	4393
4679	1869
4680	1901
4681	1485
4682	5015
4683	1636
4683	4925
4684	4222
4685	2544
4686	2799
4687	888
4688	3854
4689	1034
4690	2330
4691	3258
4692	3505
4693	1141
4694	2943
4694	2944
4694	3404
4695	3547
4696	953
4697	2799
4698	1259
4699	5044
4700	5138
4701	1600
4702	3951
4703	4616
4704	1062
4705	1276
4706	872
4707	104
4708	4423
4709	3370
4710	204
4711	4618
4712	5201
4713	100
4714	4018
4715	5140
4716	3971
4717	3973
4718	2167
4719	3995
4720	3189
4720	2461
4721	1711
4722	2977
4723	5011
4724	1695
4725	3672
4726	4185
4727	3531
4728	5332
4729	2300
4730	2980
4731	2085
4732	2137
4733	3092
4734	443
4734	1216
4735	2860
4736	5162
4736	2971
4737	472
4738	4753
4739	635
4740	1312
4741	4340
4742	383
4743	904
4744	2034
4745	3371
4746	1532
4747	1255
4748	496
4749	4222
4750	1908
4751	873
4752	918
4753	1496
4754	407
4755	1549
4756	2098
4757	3944
4758	3678
4759	5341
4760	2182
4761	3259
4762	4065
4763	2977
4764	3579
4765	5014
4766	1879
4767	2847
4768	3467
4769	4926
4770	5300
4771	2941
4772	3794
4773	4475
4774	2467
4775	5303
4776	3989
4777	1073
4778	2979
4779	2453
4780	2048
4781	4910
4782	3091
4782	1967
4783	2196
4784	62
4785	623
4786	1578
4787	10
4788	3767
4789	3746
4790	3094
4790	4583
4790	5105
4791	2775
4792	672
4793	2129
4794	2997
4795	4377
4796	450
4797	2023
4798	1981
4799	4311
4799	1013
4800	3725
4801	4864
4802	4086
4803	402
4804	3616
4805	3295
4806	1510
4807	4089
4808	3897
4809	2200
4810	5312
4811	1498
4812	4294
4813	279
4814	2203
4815	2370
4816	4037
4817	4724
4818	3182
4819	4010
4820	4822
4821	4859
4822	2049
4823	5021
4824	2260
4825	995
4826	557
4827	2128
4828	714
4829	4728
4830	4971
4831	875
4832	1907
4833	2175
4834	1131
4835	1089
4836	4139
4837	167
4838	1238
4839	4029
4840	4176
4841	3166
4841	162
4841	5391
4841	5267
4841	3517
4841	4943
4842	4427
4843	3626
4844	1171
4845	2804
4846	3260
4847	5273
4848	2318
4849	1716
4850	4002
4851	2056
4852	5276
4853	4745
4853	1042
4854	4578
4855	3975
4856	4924
4857	905
4858	4546
4859	3144
4860	4555
4861	1006
4862	1166
4863	204
4864	5230
4865	3195
4866	3241
4867	1288
4868	1888
4869	1625
4870	2707
4871	719
4872	4745
4873	1403
4874	2686
4875	3790
4876	4912
4876	3788
4877	1812
4878	1523
4879	590
4879	272
4880	1520
4881	5177
4882	4679
4883	958
4884	4711
4885	4328
4886	4258
4887	3275
4888	5266
4889	4447
4890	2964
4891	3855
4892	1290
4893	4889
4894	1116
4895	4147
4896	1035
4897	1706
4898	5028
4898	1694
4899	3597
4900	1803
4901	1508
4902	4189
4903	5010
4904	1138
4904	4832
4905	5009
4906	4571
4907	5231
4908	3188
4909	1376
4910	3750
4911	521
4912	1633
4913	3079
4914	1984
4915	4862
4916	4193
4917	256
4918	20
4919	1536
4920	188
4921	2013
4922	803
4923	1836
4924	735
4924	5112
4925	5149
4926	641
4927	3014
4928	2687
4929	4590
4929	2561
4930	629
4931	2293
4932	4602
4933	3899
4934	5216
4935	190
4936	2589
4937	275
4938	3485
4939	2828
4940	1278
4941	644
4942	2872
4943	4075
4944	4375
4945	4114
4946	3142
4947	1964
4948	936
4949	1311
4950	3315
4951	2377
4952	3760
4953	2139
4954	1226
4955	462
4956	4989
4957	3778
4958	5232
4959	3960
4960	1901
4961	953
4962	1447
4963	2753
4964	1988
4965	2711
4966	1926
4967	905
4968	2842
4969	2841
4970	3495
4971	2125
4972	2485
4973	1284
4974	1514
4975	1151
4976	1261
4977	182
4978	3745
4979	4493
4980	3059
4981	2781
4982	3308
4983	667
4984	1413
4985	1925
4986	1102
4987	5324
4988	3352
4989	1056
4990	2017
4991	5273
4992	1558
4993	394
4994	1478
4995	1920
4996	2171
4997	1041
4998	2327
4999	2390
5000	5147
5001	175
5002	2374
5003	3389
5004	3053
5005	935
5006	2619
5007	1993
5008	4552
5009	2424
5010	3889
5010	3036
5011	1885
5012	3453
5013	4688
5014	2817
5015	4093
5016	3243
5017	405
5018	324
5019	10
5020	3816
5021	1994
5022	1276
5023	1748
5024	5129
5025	2527
5026	3687
5027	2149
5028	1773
5028	1441
5029	1107
5030	1147
5031	4885
5032	3517
5033	4626
5034	2879
5035	5232
5036	2169
5037	1978
5038	2177
5038	4378
5039	1716
5040	901
5041	28
5042	2789
5043	2037
5044	4870
5045	3618
5046	1243
5047	5081
5048	2137
5049	2275
5050	2002
5051	3615
5052	3662
5053	1743
5054	3267
5055	3100
5056	3230
5057	987
5058	2087
5058	4519
5059	2365
5060	3155
5061	3547
5062	1671
5063	690
5064	363
5065	3017
5066	1077
5067	191
5067	1037
5068	161
5069	4908
5070	802
5071	2490
5072	1812
5073	277
5074	1548
5075	4883
5076	2159
5077	3659
5078	746
5079	3129
5080	43
5081	798
5082	4455
5083	4066
5084	3541
5085	3033
5086	858
5087	2900
5088	3954
5089	3976
5090	3769
5091	1915
5092	4481
5092	869
5093	2833
5094	956
5095	2765
5095	3796
5096	3623
5097	5277
5098	4000
5099	513
5100	4472
5101	5073
5102	3794
5103	853
5104	2400
5105	4660
5106	4484
5107	4491
5108	5232
5109	5007
5110	1519
5111	2233
5112	5092
5113	401
5114	4610
5115	4686
5116	3219
5117	54
5118	477
5119	102
5120	1928
5121	2844
5122	49
5123	1739
5124	1601
5125	137
5126	3608
5127	3777
5128	2732
5129	3811
5130	2148
5131	2374
5132	312
5133	2825
5134	644
5135	1895
5136	2803
5137	1741
5138	2797
5139	406
5140	5258
5141	714
5142	2454
5142	3937
5143	2684
5144	498
5145	4396
5146	752
5147	4197
5148	212
5149	714
5149	1355
5150	1445
5151	5057
5152	2746
5153	438
5154	1872
5155	1707
5156	1088
5157	818
5158	2816
5159	1703
5160	3015
5161	5052
5162	4056
5163	2173
5164	2683
5165	1270
5166	2310
5167	2672
5168	4664
5169	2465
5170	528
5171	713
5172	5255
5173	2083
5174	1294
5175	3939
5176	2839
5177	1718
5178	1356
5179	3353
5180	4424
5181	1609
5182	5131
5183	1182
5184	1345
5185	5334
5186	1165
5187	1897
5188	3736
5189	326
5190	1359
5191	2471
5192	3146
5192	2296
5192	235
5193	1711
5194	1357
5194	3850
5195	4568
5196	1576
5197	2696
5198	3907
5199	2754
5200	107
5201	105
5202	3048
5203	1362
5204	4380
5205	1884
5206	3607
5207	4778
5208	101
5209	3196
5209	1453
5210	3813
5211	686
5212	2789
5213	3926
5214	1217
5215	2014
5216	2322
5217	3631
5218	4281
5219	3206
5220	817
5221	5289
5222	1399
5223	1359
5224	115
5225	4984
5226	2181
5227	2665
5228	2552
5229	2706
5230	1074
5231	3042
5232	2996
5233	4222
5234	5075
5235	234
5236	3303
5237	1455
5238	1302
5239	3817
5240	1675
5241	2679
5242	396
5243	1715
5244	1126
5244	2566
5245	99
5246	2293
5247	3744
5248	2183
5248	3510
5249	4349
5250	2548
5251	2358
5252	3537
5253	4986
5254	4646
5255	5153
5256	4085
5257	4638
5258	3783
5259	3362
5260	2966
5261	4222
5262	1152
5263	1305
5264	1305
5265	2700
5266	1168
5267	3231
5268	3047
5268	3896
5269	370
5270	4687
5271	1417
5272	3986
5273	2887
5274	2963
5275	2137
5276	23
5277	2934
5278	2873
5279	2222
5280	3916
5281	1367
5282	4029
5283	3392
5284	5224
5285	184
5286	5209
5287	4033
5288	2283
5288	3789
5289	2240
5290	4042
5291	4031
5292	4893
5293	3037
5294	1970
5295	4783
5296	4498
5297	3167
5298	1616
5299	3109
5300	3926
5301	1845
5301	1999
5302	5232
5303	1150
5304	314
5305	682
5306	5274
5307	5064
5308	1852
5308	5056
5309	914
5310	3642
5311	615
5312	2600
5313	2449
5314	1953
5314	1868
5315	1500
5316	1995
5317	3369
5318	4707
5319	1480
5320	3792
5321	2940
5322	1958
5323	1349
5324	5003
5325	4093
5326	945
5327	4580
5328	4957
5329	4373
5330	856
5331	5208
5332	3083
5333	4116
5334	2379
5335	2911
5336	1615
5337	1235
5338	1842
5339	3778
5340	4581
5341	3893
5342	3866
5343	4515
5344	2476
5345	2616
5346	603
5347	387
5348	5079
5349	1439
5350	4274
5351	2414
5352	204
5353	5078
5354	1957
5355	2528
5356	4269
5357	1358
5358	2889
5359	4367
5360	905
5361	733
5362	5098
5363	3415
5364	5191
5365	266
5366	1915
5367	3083
5368	5262
5369	1526
5369	4583
5370	2210
5371	4422
5372	4268
5373	3147
5374	4975
5375	207
5376	5263
5377	3115
5378	744
5379	2121
5380	3011
5381	736
5382	2443
5383	1257
5384	3211
5385	3037
5386	779
5387	1972
5388	3908
5389	1886
5390	4476
5391	2836
5392	1625
5393	2794
5393	2486
5394	2579
5395	1490
5396	2305
5397	4710
5398	2955
5399	1323
5400	436
5401	3563
5402	1637
5403	3089
5404	1922
5405	2708
5406	2616
5407	1767
5408	1241
5409	4172
5410	3029
5411	4805
5412	1134
5413	1238
5414	2104
5415	822
5416	1667
5416	4946
5417	2472
5418	4587
5419	1890
5420	3322
5421	2434
5422	2607
5423	2252
5424	4404
5425	905
5425	1475
5426	680
5426	3713
5427	2834
5428	762
5429	2915
5430	2915
5431	2915
5432	3030
5433	154
5434	1513
5435	1736
5436	4907
5437	1005
5438	2834
5439	675
5440	2092
5441	3668
5442	3624
5443	969
5444	376
5445	18
5446	2022
5447	2930
5448	1981
5449	1650
5450	2714
5451	490
5452	5339
5453	4839
5454	5333
5455	2106
5456	710
5457	3648
5458	2362
5459	48
5460	5279
5461	2575
5462	2215
5463	906
5464	2450
5465	2728
5466	5280
5467	962
5468	1196
5469	1042
5470	4899
5471	805
5472	312
5473	4250
5474	823
5475	1516
5476	2444
5477	217
5478	4743
5479	5232
5480	4110
5481	4648
5482	4106
5483	2072
5484	5145
5484	144
5485	2300
5486	4164
5487	1172
5488	3549
5489	4417
5490	3578
5491	1348
5492	3738
5493	4611
5494	2650
5495	3861
5496	5058
5497	327
5497	568
5498	135
5498	3655
5499	3101
5500	5155
5500	1092
5501	350
5502	2661
5503	5386
5504	2109
5505	4436
5506	4153
5507	2686
5508	4128
5509	350
5510	5309
5511	1544
5512	673
5513	5207
5514	3504
5515	3004
5516	2829
5517	3634
5518	4361
5519	4214
5520	5037
5521	1886
5522	3420
5523	3561
5524	250
5525	2696
5526	1314
5527	2991
5528	4457
5529	5102
5530	3967
5531	681
5532	2809
5533	510
5534	510
5535	3952
5536	1387
5537	3811
5538	3648
5539	3681
5540	3297
5541	5089
5542	2843
5543	2142
5544	2316
5545	833
5546	2315
5547	2313
5548	2015
5549	2015
5550	3345
5551	895
5551	704
5552	247
5553	507
5554	2215
5555	333
5556	5036
5557	1832
5558	3476
5558	276
5559	2178
5560	3156
5560	2682
5560	694
5561	1363
5562	4978
5563	3568
5563	3183
5564	4018
5564	1581
5565	329
5565	4721
5565	422
5566	3900
5567	928
5567	4889
5567	4008
5567	4151
5568	4776
5569	2830
5569	3233
5569	3832
5570	1826
5571	4605
5571	22
5571	203
5571	927
5571	2166
5571	409
5571	531
5571	3443
5571	544
5571	1052
5571	2225
5571	1781
5571	620
5571	1050
5571	150
5571	1020
5571	5099
5571	2400
5571	1277
5571	455
5571	2457
5571	3513
5571	485
5571	3978
5571	5113
5571	4988
5571	80
5571	2477
5571	24
5571	2904
5571	2642
5571	525
5571	358
5571	4922
5571	3518
5571	989
5571	4596
5571	2354
5571	4117
5572	1299
5573	3121
5574	684
5575	4247
5575	3968
5575	457
5575	3506
5575	183
5575	601
5575	560
5575	2389
5575	2627
5575	4550
5575	424
5575	1782
5575	3046
5575	729
5576	3799
5576	611
5576	306
5576	1673
5576	3287
5576	40
5576	4049
5576	4080
5576	1833
5576	2209
5576	2367
5576	1677
5577	132
5578	2370
5578	409
5578	3443
5578	2278
5578	4507
5578	2265
5578	2478
5578	2227
5578	1277
5578	2457
5578	598
5578	399
5578	561
5578	4973
5578	4678
5578	5062
5578	3483
5578	1585
5578	3834
5578	3503
5579	4319
5579	2263
5579	3394
5579	3477
5579	4270
5579	3983
5579	4930
5579	992
5579	2239
5580	4915
5581	1682
5582	3644
5582	3332
5583	5054
5584	118
5584	1817
5585	3169
5586	2288
5586	2883
5587	1983
5588	3134
5588	2008
5588	957
5588	4914
5588	4298
5588	508
5588	1624
5588	506
5588	283
5588	2442
5588	2179
5589	4258
5589	741
5590	2352
5591	5104
5592	4301
5593	4087
5594	2734
5595	1273
5595	3646
5596	1309
5596	649
5596	650
5596	2437
5596	4016
5596	3994
5596	26
5597	1178
5597	4026
5597	508
5597	1823
5597	506
5597	758
5597	1715
5598	471
5599	549
5599	946
5599	4458
5599	471
5600	2848
5601	3469
5602	665
5603	3398
5603	588
5603	594
5603	2884
5603	4598
5603	1830
5603	1830
5603	2582
5604	542
5605	741
5606	1813
5606	2937
5606	796
5606	3842
5607	1986
5608	3548
5609	3640
5610	281
5611	4237
5612	1338
5613	849
5614	257
5614	534
5614	3682
5614	4549
5614	552
5614	3977
5614	4622
5615	88
5616	2431
5617	4406
5617	4001
5617	1679
5617	1679
5617	5130
5617	5130
5618	4073
5619	3661
5620	5013
5621	2304
5621	1533
5622	3852
5622	1780
5622	535
5622	2478
5622	2910
5622	1066
5622	4208
5622	824
5622	3518
5622	4301
5623	1986
5624	3660
5625	1710
5625	115
5626	883
5627	3763
5627	440
5628	169
5628	847
5628	4460
5628	1382
5628	3268
5628	4243
5629	2552
5630	912
5631	2188
5631	4477
5631	2540
5631	2644
5632	2592
5632	287
5632	4445
5632	1361
5632	692
5632	2771
5633	866
5634	3134
5634	4807
5634	2426
5634	2253
5634	3824
5634	4431
5634	5025
5634	4955
5634	1004
5634	5284
5634	3958
5634	3522
5634	3397
5634	4793
5634	2890
5634	4931
5635	990
5636	2025
5637	5156
5638	3350
5639	4273
5640	3843
5640	3560
5640	678
5641	4244
5642	1403
5642	4184
5642	3575
5643	1602
5644	3173
5645	3685
5646	828
5646	5374
5646	933
5647	1076
5647	1048
5648	4727
5649	3612
5650	2570
5651	3078
5651	5023
5652	3948
5653	4046
5654	2936
5655	3968
5656	4522
5656	4214
5657	3862
5657	800
5657	540
5658	2999
5658	1596
5658	554
5658	1929
5658	1581
5658	3051
5658	3707
5658	2180
5659	5373
5659	5373
5659	5373
5659	5373
5659	5373
5659	5373
5659	827
5659	827
5659	827
5659	827
5659	827
5659	827
5659	827
5659	827
5659	827
5659	827
5659	827
5659	827
5659	827
5659	827
5659	4776
5659	4776
5659	4776
5659	4776
5659	4776
5659	4776
5659	4776
5659	4776
5659	829
5659	829
5659	829
5659	829
5659	829
5659	829
5659	67
5659	2306
5659	4067
5659	4067
5659	2355
5659	2351
5659	3259
5659	3259
5659	3259
5659	3259
5659	3259
5659	3259
5659	3259
5659	1055
5659	2361
5659	3540
5659	1656
5659	1656
5659	1656
5659	3416
5659	2339
5659	1674
5659	3145
5659	3145
5659	3145
5659	3145
5659	1727
5659	1727
5659	1727
5659	2315
5659	2315
5659	2315
5659	4048
5659	4048
5659	4048
5659	4048
5659	4048
5659	68
5659	68
5659	68
5659	68
5659	1210
5659	4231
5659	4231
5659	4231
5659	4231
5659	4231
5659	4231
5659	4231
5659	4231
5659	4231
5659	4231
5659	2347
5659	2347
5659	2347
5659	2359
5659	2359
5659	2359
5659	2359
5659	2359
5659	2359
5659	2359
5659	2359
5659	2359
5659	2359
5659	2359
5659	2359
5659	2359
5659	2359
5659	3546
5659	2237
5659	1466
5659	1466
5659	5026
5660	927
5660	27
5660	2763
5660	2763
5660	2763
5660	2763
5660	998
5660	998
5661	3562
5661	1220
5662	530
5662	2910
5662	4596
5662	289
5663	2003
5664	3905
5665	2509
5666	4516
5666	4381
5667	1828
5667	4236
5667	4364
5667	2169
5667	4509
5667	2470
5667	734
5667	2402
5667	3694
5667	1051
5667	535
5667	2999
5667	4013
5667	4013
5667	4013
5667	4013
5667	3447
5667	4334
5667	2372
5667	1916
5667	3715
5667	2384
5667	3523
5667	4940
5667	1623
5667	1929
5667	1406
5667	4752
5667	4039
5667	94
5667	4681
5667	4723
5667	2712
5667	900
5667	1336
5667	3487
5667	2725
5667	4351
5667	3130
5667	3707
5667	165
5667	2411
5667	2849
5668	3338
5668	3761
5668	3353
5668	4462
5668	3479
5668	3327
5668	5040
5669	1046
5669	3020
5669	492
5669	1289
5669	1048
5669	845
5670	676
5670	1047
5670	668
5670	3273
5671	616
5672	3425
5673	2394
5674	1365
5674	1754
5675	2705
5675	5250
5675	741
5676	3670
5676	4449
5677	5376
5678	676
5678	2459
5678	1382
5678	3427
5678	3273
5679	2644
5680	3169
5680	2350
5680	5206
5680	1007
5680	285
5681	546
5682	3065
5683	4880
5683	3255
5683	2583
5684	4850
5685	4072
5686	4631
5686	3820
5687	5217
5687	4205
5687	1590
5688	5260
5689	1189
5689	537
5689	4979
5689	1829
5690	2309
5690	1050
5690	777
5690	986
5690	4170
5691	542
5692	2595
5692	1824
5693	3845
5694	5022
5694	4881
5694	1825
5695	5174
5696	3377
5697	3741
5698	3112
5699	5174
5700	2810
5700	3194
5700	1940
5700	5222
5700	1954
5700	784
5700	1081
5700	2829
5700	615
5700	3475
5700	3786
5700	2115
5700	3006
5700	5297
5700	1684
5700	1796
5700	788
5700	2789
5700	3277
5700	790
5700	166
5700	5032
5701	2881
5702	1017
5702	379
5703	2785
5704	3114
5705	2146
5706	2371
5706	2756
5707	733
5707	5268
5707	1177
5708	1574
5708	1574
5708	1574
5708	2647
5709	588
5710	699
5710	3274
5710	372
5711	1199
5712	1552
5713	2545
5714	3576
5714	679
5715	1381
5715	3603
5715	3606
5715	3606
5715	2200
5715	2200
5715	835
5715	2269
5715	2269
5715	3543
5715	3543
5715	1675
5715	1675
5715	1212
5715	2702
5715	2702
5715	2702
5715	2331
5715	2331
5716	967
5716	2522
5717	3934
5718	4921
5719	3076
5719	1059
5720	3712
5720	2387
5720	1568
5720	5132
5720	4629
5721	2403
5722	4678
5723	577
5724	4239
5725	5188
5726	4435
5726	2658
5727	849
5728	4586
5729	4876
5730	3468
5730	1611
5731	1674
5732	4657
5733	794
5734	1477
5734	4032
5735	5291
5735	1078
5736	206
5737	2124
5738	1106
5738	3193
5738	1844
5738	4278
5738	1421
5738	4705
5738	2029
5738	864
5738	2297
5738	460
5738	2247
5738	1370
5738	503
5739	1023
5739	997
5739	526
5739	861
5739	1980
5739	201
5739	269
5739	3584
5739	4972
5739	2856
5739	5255
5739	1571
5740	455
5741	4382
5742	1181
5743	4635
5743	2947
5744	909
5745	4695
5745	2016
5745	2144
5745	2948
5745	3614
5746	2193
5747	2243
5747	2045
5747	2045
5747	2474
5747	4806
5747	4806
5747	4806
5748	3443
5748	554
5748	1929
5748	2886
5748	4006
5748	5001
5748	4543
5748	506
5748	1116
5748	983
5748	3051
5749	2593
5749	2916
5749	538
5750	1503
5751	4640
5751	515
5752	14
5753	5360
5753	5012
5754	3485
5755	5135
5756	299
5756	3276
5757	53
5757	2865
5757	5354
5757	3378
5757	5359
5758	2792
5759	2488
5760	4981
5761	4287
5762	3868
5763	1669
5764	78
5765	548
5765	854
5765	3461
5765	2258
5765	734
5765	5238
5765	4814
5765	3499
5766	654
5767	1768
5768	1244
5768	384
5769	2438
5769	2468
5769	597
5769	3876
5770	1764
5771	1135
5771	3473
5772	2334
5773	769
5773	3034
5773	3034
5773	75
5774	4848
5774	2114
5774	3075
5774	3731
5774	4871
5774	4796
5774	2228
5774	2894
5774	3358
5774	4045
5774	1148
5774	1688
5774	1567
5774	1776
5774	1689
5774	2569
5774	894
5774	1497
5774	871
5774	4845
5774	3591
5774	85
5774	2877
5774	819
5775	1132
5775	878
5775	2370
5775	630
5775	1613
5775	2250
5775	4509
5775	87
5775	2192
5775	3694
5775	4257
5775	3443
5775	753
5775	1904
5775	625
5775	4668
5775	602
5775	1929
5775	3895
5775	4006
5775	1666
5775	2132
5775	1593
5775	2297
5775	4150
5775	165
5775	3925
5775	559
5775	2756
5775	211
5775	4459
5775	3503
5776	3801
5777	2172
5777	3430
5778	4474
5778	921
5778	2487
5779	671
5780	3210
5780	3676
5780	4465
5780	5168
5780	4096
5780	4553
5781	1318
5782	504
5783	2903
5784	1565
5785	530
5785	530
5785	1580
5785	1580
5785	1580
5785	1580
5785	1580
5785	205
5785	205
5785	4624
5785	2276
5785	2276
5785	2276
5785	2276
5785	2276
5785	2276
5786	4994
5786	569
5786	3756
5786	5359
5787	218
5787	3318
5787	3214
5787	1027
5787	2469
5787	1575
5787	3335
5787	4313
5787	356
5787	2584
5787	3222
5787	3222
5787	3222
5787	3222
5787	3222
5787	3222
5787	3222
5787	3222
5787	3222
5787	3222
5787	3222
5787	3222
5787	3222
5787	3222
5787	3222
5787	2891
5788	5295
5789	4432
5789	4367
5789	4761
5789	1018
5789	4372
5789	4928
5789	4148
5789	1827
5790	5270
5791	4448
5792	4182
5793	1820
5794	5205
5794	244
5795	3562
5796	2204
5796	1969
5796	328
5797	1562
5797	5219
5797	274
5797	4884
5797	2412
5798	3820
5799	4509
5799	5025
5799	5077
5799	1120
5799	11
5799	3880
5799	1031
5799	3841
5799	2245
5799	2385
5799	1036
5799	5243
5799	2643
5800	2344
5800	2344
5800	1560
5800	3726
5800	3726
5800	3726
5800	1061
5800	558
5801	2093
5802	196
5802	1603
5802	1127
5802	369
5802	4443
5802	3093
5802	2084
5802	2421
5802	5065
5802	536
5802	4263
5802	4343
5802	773
5802	2857
5802	4200
5802	689
5802	2835
5803	3185
5804	505
5804	505
5804	321
5804	4882
5805	5337
5806	1729
5807	4433
5808	3351
5809	4628
5809	3512
5809	886
5809	26
5810	3929
5811	825
5812	3846
5813	4212
5814	5026
5815	4495
5816	4420
5817	1879
5817	2939
5817	3400
5817	1080
5817	3479
5817	3748
5818	2446
5819	3697
5820	5299
5821	1757
5821	4662
5822	2005
5822	1563
5822	5094
5823	2582
5824	291
5825	4437
5825	4478
5826	4831
5827	797
5827	1512
5827	5035
5827	1090
5827	908
5828	1848
5828	1118
5828	3138
5829	3557
5829	3705
5830	1581
5831	621
5832	4605
5832	2603
5832	1277
5832	1008
5832	4282
5832	986
5833	5128
5834	2345
5834	1725
5834	3653
5834	1121
5834	4644
5834	4881
5835	4511
5836	2455
5836	2649
5836	3121
5837	4573
5838	283
5839	3525
5840	3764
5840	1843
5840	4636
5840	2044
5840	3752
5840	81
5840	1122
5840	2538
5841	4936
5841	618
5841	4105
5841	3972
5841	1195
5842	4998
5843	1149
5843	2612
5843	84
5844	2315
5845	825
5846	975
5846	413
5847	854
5847	3461
5847	1916
5847	3513
5847	4296
5847	3530
5847	2725
5848	2853
5849	1757
5849	410
5850	4781
5851	4129
5852	3269
5852	929
5852	2282
5853	896
5854	5152
5855	3538
5856	664
5857	4818
5858	458
5859	1961
5860	5319
5861	4951
5862	1382
5862	4410
5862	3273
5862	3161
5863	4041
5863	4009
5863	3225
5863	4547
5864	133
5865	4663
5866	1969
5867	4025
5868	136
5869	968
5870	4573
5871	1592
5871	3821
5872	397
5872	3818
5872	551
5872	1111
5872	3927
5873	1213
5874	2061
5875	1757
5875	1969
5876	1763
5877	1670
5878	531
5878	3397
5878	1021
5878	4942
5879	1466
5880	4428
5881	4502
5881	1463
5882	147
5883	4316
5883	2456
5883	4274
5884	1411
5885	2304
5885	2207
5885	865
5886	2634
5887	1724
5887	258
5888	5005
5889	1402
5890	949
5891	612
5891	2357
5892	2542
5893	1339
5893	474
5894	4319
5894	1690
5894	4019
5894	1562
5894	93
5894	992
5895	5310
5895	4938
5895	1688
5896	3226
5897	3504
5898	2783
5898	2137
5899	3946
5899	4843
5899	3957
5899	4873
5899	3023
5900	4643
5900	783
5900	2793
5900	3871
5900	4079
5900	722
5900	5095
5901	3873
5902	329
5903	3931
5903	97
5903	531
5903	3058
5903	3590
5903	836
5903	524
5903	23
5903	3918
5903	4976
5903	2236
5903	4353
5903	1579
5903	5198
5903	961
5904	3331
5905	3820
5906	5349
5907	2673
5907	2136
5907	1402
5907	430
5908	2896
5908	1064
5908	1564
5908	200
5908	2194
5908	2766
5908	4791
5909	3282
5910	1189
5910	3321
5910	3136
5910	3341
5910	537
5910	4979
5910	1829
5911	3043
5912	3724
5913	3285
5913	1664
5913	434
5913	5082
5913	5315
5914	1248
5914	4236
5914	1178
5914	608
5914	854
5914	4026
5914	4983
5914	463
5914	92
5914	2008
5914	3026
5914	3027
5914	4258
5914	4428
5914	4277
5914	2406
5914	174
5914	371
5914	94
5914	2407
5914	2441
5914	3040
5914	3086
5914	4543
5914	1666
5914	1114
5914	2530
5914	1071
5914	793
5914	1336
5914	5282
5914	3110
5914	3925
5914	2354
5914	5124
5914	1985
5915	3356
5915	3785
5915	2451
5915	797
5915	2466
5915	1610
5915	1870
5915	5049
5915	1186
5915	3501
5915	3636
5916	2794
5916	322
5917	2500
5917	753
5917	1245
5917	3444
5917	3086
5917	2247
5918	378
5919	4534
5920	3137
5921	2658
5921	4632
5921	3361
5922	2602
5923	3885
5923	2262
5923	3824
5923	3824
5923	3824
5923	3824
5923	3824
5923	4427
5923	2622
5923	2622
5923	2622
5923	2622
5923	2622
5923	2622
5923	2622
5923	3513
5923	990
5923	4902
5924	3759
5925	3867
5925	3867
5925	3867
5925	3867
5925	3867
5925	3867
5925	3867
5925	3867
5925	3867
5925	3867
5925	3867
5925	3867
5925	3867
5926	881
5926	4146
5926	863
5926	810
5926	4704
5926	1778
5926	4195
5926	1777
5927	3134
5927	2225
5927	1277
5927	5284
5927	3077
5927	1140
5927	94
5927	2369
5927	3347
5927	3834
5927	4856
5928	4951
5929	2337
5930	2337
5931	2021
5932	4236
5932	2901
5932	867
5932	2192
5932	1020
5932	259
5932	973
5932	2519
5932	948
5932	2381
5932	4004
5932	4293
5932	2061
5932	811
5932	4918
5932	985
5932	2473
5932	5019
5932	622
5932	3328
5932	4360
5933	3485
5934	2637
5934	3525
5934	2576
5934	1722
5934	1142
5934	3888
5934	1481
5934	588
5934	3878
5934	4430
5934	1110
5934	3691
5934	562
5934	4199
5934	278
5934	1665
5934	481
5934	3945
5934	1632
5934	4454
5934	4891
5935	4729
5935	2758
5936	2112
5937	197
5938	4052
5939	1772
5940	119
5940	3698
5941	2876
5941	1574
5941	379
5942	1342
5943	3391
5944	2504
5944	3473
5945	4441
5946	3559
5946	2368
5946	442
5947	1431
5947	2521
5948	2632
5948	2547
5948	608
5948	4948
5948	809
5948	630
5948	2912
5948	2507
5948	1788
5948	1948
5948	5099
5948	4018
5948	2406
5948	1492
5948	2374
5948	5090
5948	3664
5948	4826
5948	359
5948	359
5948	4242
5948	4898
5948	1593
5948	525
5948	3494
5948	4594
5948	3435
5948	4950
5948	4950
5948	4359
5949	4790
5949	2253
5949	2258
5949	734
5949	4795
5949	535
5949	1948
5949	4342
5949	2436
5949	1623
5949	11
5949	3914
5949	578
5949	541
5949	4793
5949	4174
5949	4497
5949	1252
5949	4235
5949	4993
5950	149
5950	4748
5950	2030
5950	4210
5950	4035
5950	76
5950	1580
5950	2525
5950	1626
5950	4015
5950	2826
5950	990
5950	90
5950	2276
5951	3583
5952	4906
5953	2355
5954	1604
5955	4651
5956	878
5956	4426
5956	4168
5956	4018
5956	1929
5956	5090
5956	1914
5957	3156
5957	972
5957	2009
5958	2981
5959	1793
5959	2670
5960	1058
5960	3638
5960	4458
5960	4344
5960	4233
5961	1306
5962	466
5963	125
5964	2150
5965	4298
5966	1462
5967	2653
5967	670
5967	1379
5968	1067
5968	3529
5969	2983
5970	5141
5970	5059
5971	678
5971	1392
5972	1012
5973	3803
5974	4043
5974	3502
5975	31
5976	3953
5977	3377
5978	1499
5979	4315
5979	904
5979	2426
5979	4795
5979	3471
5979	1036
5979	3130
5979	2621
5980	133
5981	4835
5981	1566
5982	3417
5982	4008
5982	2530
5983	2596
5983	1617
5983	3602
5983	1134
5983	5237
5983	772
5983	4833
5983	1384
5983	4490
5983	2397
5983	280
5983	4767
5983	4788
5984	2791
5984	3055
5984	3461
5984	3372
5984	2254
5984	74
5984	1232
5984	3026
5984	4258
5984	215
5984	1928
5984	1802
5984	2420
5984	3042
5984	508
5984	4682
5984	506
5984	3586
5984	2132
5984	153
5984	3002
5984	750
5984	3325
5984	4290
5984	4150
5984	4354
5984	3925
5984	1124
5984	1124
5984	1985
5984	3908
5984	4276
5984	5246
5984	5246
5985	4985
5985	1929
5985	1929
5985	1929
5985	4290
5985	4290
5985	4290
5986	697
5987	317
5987	2091
5988	2057
5989	4252
5990	4847
5991	2020
5992	1904
5992	1582
5992	1584
5992	1928
5992	3042
5992	631
5992	3893
5992	506
5992	2190
5992	5245
5992	2587
5993	2422
5993	2654
5994	1627
5995	2112
5996	25
