0	17
0	27
0	31
0	75
0	77
0	124
0	149
0	166
0	178
0	186
0	228
0	281
0	294
0	339
0	384
0	386
0	409
0	415
0	434
0	445
0	450
0	464
0	468
0	476
1	13
1	22
1	47
1	72
1	90
1	97
1	107
1	124
1	172
1	173
1	213
1	220
1	232
1	242
1	253
1	254
1	258
1	308
1	319
1	350
1	426
1	430
1	441
1	483
1	487
2	41
2	51
2	79
2	89
2	128
2	132
2	142
2	183
2	229
2	253
2	266
2	268
2	276
2	279
2	315
2	320
2	351
2	354
2	406
2	443
2	467
2	478
2	483
2	490
3	7
3	15
3	68
3	74
3	87
3	103
3	110
3	131
3	143
3	152
3	153
3	215
3	233
3	267
3	277
3	305
3	320
3	355
3	433
3	454
3	478
3	491
4	71
4	96
4	114
4	154
4	176
4	210
4	239
4	255
4	261
4	270
4	315
4	319
4	333
4	354
4	390
4	417
4	462
4	494
5	61
5	169
5	180
5	186
5	201
5	203
5	206
5	220
5	230
5	232
5	248
5	264
5	279
5	322
5	335
5	340
5	344
5	355
5	410
5	464
5	469
5	478
5	488
5	494
6	42
6	51
6	122
6	124
6	159
6	181
6	225
6	230
6	246
6	250
6	262
6	278
6	281
6	285
6	296
6	305
6	318
6	329
6	363
6	371
6	435
6	464
6	489
7	65
7	90
7	93
7	103
7	104
7	111
7	116
7	144
7	158
7	164
7	169
7	206
7	211
7	212
7	226
7	228
7	241
7	250
7	279
7	286
7	317
7	389
7	392
7	444
8	16
8	18
8	39
8	63
8	118
8	123
8	137
8	157
8	164
8	180
8	188
8	229
8	262
8	270
8	292
8	299
8	300
8	342
8	389
8	408
8	413
8	426
8	450
8	488
9	11
9	33
9	44
9	66
9	86
9	103
9	106
9	119
9	163
9	164
9	166
9	193
9	209
9	211
9	214
9	241
9	288
9	298
9	327
9	332
9	373
9	379
9	382
9	421
9	433
9	438
9	489
10	30
10	40
10	55
10	61
10	87
10	94
10	107
10	124
10	194
10	229
10	239
10	253
10	265
10	276
10	278
10	289
10	298
10	316
10	319
10	356
10	389
10	442
10	450
10	454
10	463
10	497
11	46
11	50
11	60
11	75
11	90
11	97
11	117
11	124
11	132
11	142
11	148
11	150
11	226
11	228
11	247
11	260
11	268
11	280
11	293
11	308
11	316
11	381
11	382
11	391
11	395
11	408
11	417
11	430
11	437
11	459
11	465
11	486
11	498
12	22
12	43
12	104
12	118
12	125
12	141
12	175
12	197
12	216
12	217
12	220
12	223
12	247
12	257
12	277
12	294
12	305
12	361
12	365
12	451
12	453
12	458
12	467
12	480
13	41
13	86
13	87
13	156
13	223
13	249
13	250
13	257
13	268
13	322
13	393
13	401
13	412
13	419
13	438
13	442
14	20
14	47
14	72
14	125
14	138
14	162
14	170
14	226
14	252
14	295
14	350
14	402
14	425
14	477
15	22
15	52
15	60
15	62
15	82
15	89
15	103
15	109
15	128
15	131
15	163
15	221
15	222
15	254
15	270
15	301
15	322
15	323
15	373
15	388
15	390
15	399
15	430
15	454
15	480
16	23
16	34
16	40
16	73
16	80
16	84
16	91
16	96
16	98
16	102
16	136
16	140
16	146
16	162
16	183
16	272
16	281
16	292
16	299
16	338
16	361
16	362
16	365
16	367
16	395
16	401
16	402
16	408
16	411
16	438
16	440
16	452
16	483
16	495
17	61
17	108
17	114
17	144
17	183
17	213
17	239
17	263
17	272
17	285
17	332
17	341
17	346
17	361
17	374
17	381
17	394
17	400
17	433
17	440
17	449
17	453
17	467
17	485
17	491
17	494
18	75
18	86
18	127
18	160
18	166
18	204
18	207
18	209
18	248
18	265
18	276
18	282
18	307
18	335
18	338
18	344
18	386
18	397
18	403
18	405
18	410
18	473
19	62
19	71
19	73
19	102
19	133
19	200
19	208
19	242
19	320
19	327
19	333
19	357
19	381
19	386
19	435
19	440
19	450
20	27
20	75
20	85
20	106
20	113
20	162
20	249
20	271
20	290
20	333
20	387
20	392
20	412
20	457
20	461
20	478
21	46
21	51
21	54
21	68
21	87
21	92
21	99
21	108
21	121
21	150
21	152
21	154
21	170
21	188
21	219
21	225
21	285
21	286
21	309
21	317
21	330
21	337
21	361
21	363
21	390
21	403
21	419
21	447
21	463
22	55
22	60
22	95
22	98
22	111
22	112
22	117
22	153
22	180
22	209
22	224
22	235
22	285
22	296
22	305
22	320
22	372
22	379
22	383
22	394
22	407
22	408
22	426
22	443
22	446
22	471
22	478
22	485
23	24
23	28
23	48
23	86
23	97
23	126
23	176
23	225
23	244
23	253
23	257
23	261
23	286
23	295
23	317
23	326
23	340
23	368
23	369
23	370
23	387
23	398
23	417
23	446
23	449
23	462
23	468
23	475
23	490
24	26
24	109
24	163
24	172
24	174
24	192
24	210
24	212
24	225
24	234
24	271
24	289
24	293
24	399
24	415
24	425
24	440
24	457
24	494
25	30
25	47
25	50
25	69
25	109
25	120
25	131
25	139
25	194
25	202
25	280
25	290
25	323
25	329
25	364
25	371
25	386
25	393
25	408
25	427
25	429
25	437
25	442
25	450
25	452
25	475
25	490
26	73
26	89
26	114
26	117
26	141
26	178
26	238
26	278
26	320
26	354
26	400
26	405
26	461
26	467
27	39
27	66
27	81
27	85
27	108
27	139
27	156
27	202
27	213
27	223
27	242
27	255
27	296
27	303
27	337
27	340
27	341
27	349
27	350
27	368
27	380
27	392
27	418
27	460
27	479
27	480
28	31
28	67
28	96
28	114
28	126
28	129
28	130
28	141
28	159
28	177
28	202
28	229
28	240
28	249
28	265
28	268
28	283
28	286
28	289
28	292
28	304
28	314
28	334
28	364
28	366
28	371
28	375
28	396
28	399
28	444
28	459
28	460
28	470
28	493
29	33
29	95
29	109
29	114
29	127
29	143
29	156
29	170
29	193
29	198
29	214
29	216
29	225
29	226
29	244
29	247
29	274
29	281
29	296
29	329
29	367
29	398
29	450
29	456
29	477
29	484
29	492
30	34
30	71
30	105
30	123
30	126
30	127
30	156
30	166
30	191
30	196
30	197
30	230
30	233
30	248
30	251
30	252
30	269
30	308
30	349
30	379
30	384
30	458
30	475
30	492
30	494
31	59
31	82
31	84
31	92
31	96
31	97
31	99
31	109
31	135
31	165
31	192
31	195
31	203
31	207
31	252
31	281
31	289
31	321
31	326
31	373
31	376
31	414
31	422
31	447
31	466
31	473
32	33
32	41
32	47
32	63
32	79
32	124
32	128
32	192
32	231
32	233
32	264
32	299
32	306
32	365
32	368
32	372
32	382
32	386
32	403
32	412
32	424
32	425
32	429
32	437
33	41
33	47
33	87
33	89
33	147
33	161
33	165
33	203
33	205
33	226
33	246
33	293
33	299
33	302
33	328
33	343
33	347
33	348
33	376
33	402
33	446
33	460
33	472
33	477
33	479
34	46
34	84
34	89
34	161
34	168
34	188
34	233
34	236
34	238
34	253
34	298
34	302
34	337
34	345
34	351
34	354
34	395
34	402
34	416
34	439
34	477
35	55
35	64
35	88
35	100
35	123
35	130
35	137
35	150
35	176
35	203
35	219
35	263
35	264
35	273
35	278
35	306
35	311
35	319
35	355
35	426
36	98
36	115
36	118
36	124
36	286
36	305
36	325
36	338
36	354
36	390
36	398
36	402
36	435
36	459
36	463
37	74
37	81
37	107
37	113
37	117
37	130
37	136
37	149
37	151
37	153
37	160
37	170
37	182
37	203
37	216
37	246
37	259
37	263
37	335
37	371
37	400
37	483
38	50
38	51
38	61
38	64
38	84
38	97
38	101
38	113
38	114
38	118
38	120
38	123
38	132
38	189
38	208
38	213
38	216
38	226
38	234
38	253
38	289
38	331
38	383
38	417
38	426
38	441
38	451
38	484
38	485
38	492
39	43
39	51
39	56
39	85
39	90
39	108
39	110
39	127
39	171
39	189
39	225
39	254
39	257
39	271
39	324
39	346
39	353
39	423
39	429
39	450
39	454
39	473
39	487
39	493
40	57
40	70
40	81
40	86
40	111
40	128
40	165
40	186
40	187
40	191
40	199
40	207
40	238
40	294
40	321
40	322
40	337
40	340
40	355
40	390
40	397
40	407
40	414
40	444
40	448
41	81
41	134
41	139
41	149
41	150
41	151
41	180
41	331
41	334
41	354
41	381
41	398
41	419
41	432
41	459
42	86
42	97
42	99
42	132
42	142
42	224
42	250
42	262
42	303
42	321
42	333
42	336
42	343
42	358
42	367
42	369
42	370
42	371
42	388
42	416
42	446
43	58
43	121
43	126
43	128
43	148
43	200
43	201
43	202
43	212
43	267
43	278
43	296
43	336
43	337
43	349
43	354
43	449
43	452
43	456
43	477
43	487
44	85
44	97
44	114
44	132
44	172
44	207
44	224
44	226
44	318
44	326
44	330
44	361
44	417
44	423
44	432
44	453
44	457
44	461
44	464
44	468
44	476
44	489
45	47
45	56
45	67
45	187
45	203
45	216
45	277
45	315
45	324
45	329
45	337
45	342
45	387
45	395
45	417
45	421
45	473
46	72
46	101
46	123
46	124
46	146
46	158
46	193
46	213
46	218
46	221
46	274
46	278
46	292
46	295
46	312
46	331
46	348
46	378
46	379
46	381
46	391
46	425
46	469
47	48
47	102
47	123
47	132
47	143
47	158
47	208
47	221
47	222
47	251
47	268
47	362
47	371
47	373
47	397
47	403
47	413
47	423
47	424
48	65
48	107
48	112
48	113
48	115
48	148
48	149
48	165
48	171
48	184
48	207
48	211
48	215
48	217
48	219
48	233
48	263
48	292
48	304
48	325
48	331
48	381
48	395
48	419
48	475
49	59
49	61
49	70
49	143
49	193
49	198
49	201
49	211
49	214
49	222
49	234
49	239
49	241
49	291
49	325
49	331
49	341
49	364
49	366
49	382
49	405
49	407
49	438
49	455
49	498
50	64
50	81
50	93
50	95
50	125
50	173
50	204
50	206
50	211
50	223
50	237
50	264
50	266
50	271
50	286
50	287
50	328
50	338
50	383
50	401
50	413
50	422
50	425
50	431
50	438
50	461
50	475
51	58
51	75
51	95
51	143
51	159
51	172
51	186
51	188
51	221
51	223
51	281
51	287
51	306
51	335
51	350
51	357
51	370
51	380
51	394
51	421
51	432
51	434
51	468
51	496
52	54
52	72
52	88
52	114
52	140
52	166
52	180
52	189
52	201
52	204
52	221
52	238
52	245
52	259
52	268
52	283
52	319
52	328
52	346
52	357
52	364
52	366
52	378
52	404
52	418
52	423
52	448
52	454
52	470
52	488
53	56
53	83
53	86
53	90
53	105
53	163
53	170
53	183
53	212
53	214
53	223
53	248
53	254
53	293
53	297
53	330
53	349
53	370
53	417
53	430
53	445
53	454
53	459
53	476
54	70
54	115
54	121
54	126
54	127
54	149
54	176
54	199
54	247
54	267
54	268
54	350
54	360
54	365
54	405
54	419
54	421
54	430
54	453
54	488
54	496
55	78
55	93
55	117
55	174
55	186
55	201
55	209
55	220
55	247
55	282
55	285
55	321
55	356
55	374
55	424
55	463
56	80
56	167
56	182
56	238
56	247
56	255
56	325
56	340
56	343
56	397
56	424
56	429
56	432
56	448
57	82
57	101
57	188
57	237
57	250
57	287
57	289
57	295
57	306
57	336
57	379
57	394
57	402
57	405
57	420
57	442
57	476
57	487
57	488
57	490
57	494
57	499
58	64
58	70
58	135
58	163
58	231
58	252
58	326
58	331
58	352
58	365
58	384
58	394
58	414
58	418
58	421
58	434
58	450
58	475
59	76
59	129
59	142
59	204
59	267
59	287
59	288
59	316
59	378
59	383
59	397
59	414
59	435
59	454
59	463
60	61
60	75
60	116
60	117
60	120
60	182
60	187
60	195
60	222
60	229
60	287
60	315
60	331
60	388
60	391
60	409
60	415
60	442
60	454
60	466
60	490
60	498
61	74
61	88
61	90
61	94
61	113
61	123
61	135
61	140
61	215
61	238
61	273
61	277
61	305
61	314
61	316
61	320
61	349
61	351
61	390
61	394
61	395
61	447
61	487
61	490
62	83
62	104
62	109
62	120
62	139
62	190
62	212
62	220
62	233
62	267
62	284
62	309
62	333
62	350
62	375
62	383
62	396
62	436
62	449
62	454
62	467
63	65
63	84
63	125
63	130
63	136
63	146
63	176
63	183
63	199
63	226
63	239
63	245
63	271
63	301
63	319
63	392
63	416
63	425
63	463
63	483
64	89
64	90
64	140
64	164
64	173
64	212
64	227
64	262
64	279
64	314
64	320
64	331
64	333
64	334
64	342
64	371
64	388
64	394
64	398
64	406
64	462
65	80
65	94
65	101
65	104
65	105
65	118
65	124
65	158
65	184
65	189
65	214
65	260
65	283
65	301
65	351
65	358
65	373
65	392
65	424
65	437
65	451
65	481
65	497
66	73
66	142
66	162
66	227
66	265
66	320
66	328
66	362
66	373
66	382
66	394
66	410
66	412
66	446
66	448
66	453
66	469
66	498
67	70
67	82
67	117
67	174
67	212
67	220
67	242
67	275
67	327
67	339
67	376
67	392
67	396
67	416
67	445
67	448
67	458
67	478
67	499
68	74
68	80
68	84
68	99
68	108
68	165
68	179
68	181
68	198
68	219
68	240
68	305
68	367
68	428
68	430
68	436
68	451
68	479
69	79
69	107
69	121
69	147
69	163
69	196
69	232
69	242
69	276
69	306
69	359
69	376
69	386
69	406
69	422
69	441
69	455
69	478
69	488
70	74
70	76
70	107
70	169
70	204
70	215
70	248
70	256
70	261
70	276
70	301
70	313
70	382
70	422
70	445
70	453
70	456
70	462
70	488
70	490
70	492
70	493
71	88
71	120
71	122
71	152
71	171
71	184
71	205
71	209
71	211
71	214
71	220
71	223
71	284
71	301
71	302
71	329
71	331
71	347
71	415
71	461
71	477
71	478
71	484
72	89
72	117
72	144
72	154
72	187
72	188
72	208
72	210
72	213
72	227
72	250
72	260
72	287
72	346
72	368
72	376
72	378
72	400
72	413
72	423
72	428
72	440
72	496
73	77
73	103
73	168
73	294
73	298
73	307
73	369
73	383
73	402
73	410
73	425
73	443
73	448
73	456
74	77
74	94
74	117
74	120
74	135
74	142
74	161
74	180
74	258
74	307
74	329
74	342
74	383
74	393
74	427
74	458
75	80
75	113
75	137
75	170
75	171
75	217
75	306
75	320
75	356
75	419
75	442
75	449
75	464
76	79
76	110
76	156
76	157
76	163
76	165
76	183
76	189
76	204
76	205
76	225
76	235
76	236
76	247
76	322
76	324
76	329
76	335
76	344
76	375
76	398
76	422
76	423
76	450
76	466
76	468
76	491
77	83
77	96
77	127
77	174
77	180
77	196
77	228
77	230
77	243
77	253
77	263
77	288
77	306
77	322
77	330
77	396
77	426
77	435
77	476
77	487
77	488
77	499
78	84
78	88
78	108
78	140
78	198
78	227
78	238
78	268
78	278
78	294
78	322
78	358
78	359
78	361
78	385
78	427
78	441
78	452
78	460
78	483
79	83
79	114
79	123
79	126
79	150
79	161
79	187
79	192
79	230
79	247
79	269
79	294
79	355
79	359
79	428
79	479
80	105
80	124
80	126
80	130
80	139
80	141
80	144
80	180
80	185
80	224
80	237
80	238
80	274
80	302
80	313
80	342
80	353
80	371
80	377
80	389
80	417
80	418
80	425
81	104
81	126
81	170
81	175
81	215
81	238
81	305
81	307
81	313
81	361
81	381
81	396
81	426
81	436
82	111
82	134
82	150
82	156
82	168
82	187
82	202
82	205
82	214
82	221
82	223
82	225
82	233
82	237
82	246
82	265
82	308
82	325
82	335
82	364
82	368
82	388
82	410
82	490
83	104
83	115
83	147
83	152
83	154
83	195
83	210
83	216
83	218
83	242
83	265
83	281
83	305
83	310
83	320
83	325
83	338
83	351
83	365
83	371
83	401
83	417
83	444
83	450
83	454
83	464
83	468
83	492
83	495
84	105
84	107
84	116
84	172
84	198
84	205
84	218
84	220
84	248
84	311
84	411
84	415
84	452
85	148
85	160
85	161
85	169
85	182
85	199
85	207
85	233
85	237
85	309
85	314
85	325
85	326
85	338
85	354
85	380
85	434
85	441
85	449
85	494
86	89
86	103
86	109
86	111
86	114
86	132
86	203
86	256
86	284
86	340
86	342
86	355
86	379
86	393
86	398
86	448
87	88
87	104
87	136
87	169
87	192
87	197
87	210
87	222
87	270
87	285
87	293
87	311
87	322
87	336
87	372
87	421
87	432
87	466
87	468
87	477
87	482
87	483
88	136
88	142
88	159
88	227
88	229
88	231
88	256
88	291
88	295
88	316
88	334
88	345
88	386
88	391
88	420
88	450
88	498
89	103
89	199
89	219
89	265
89	283
89	286
89	321
89	349
89	411
89	425
89	447
89	460
89	467
89	479
89	482
89	485
90	108
90	122
90	133
90	169
90	180
90	186
90	195
90	198
90	204
90	221
90	223
90	231
90	233
90	300
90	303
90	304
90	357
90	400
90	409
90	432
90	448
91	109
91	112
91	133
91	154
91	176
91	179
91	186
91	205
91	217
91	236
91	245
91	305
91	342
91	343
91	359
91	414
91	431
92	103
92	128
92	141
92	146
92	149
92	198
92	215
92	226
92	259
92	273
92	302
92	321
92	322
92	332
92	343
92	361
92	365
92	378
92	416
92	431
92	492
93	109
93	119
93	130
93	154
93	181
93	187
93	212
93	232
93	269
93	312
93	416
93	439
93	443
93	446
93	447
93	465
93	482
93	490
94	121
94	131
94	134
94	167
94	169
94	187
94	222
94	290
94	363
94	371
94	383
94	384
94	399
94	407
94	411
94	445
95	102
95	114
95	172
95	185
95	193
95	206
95	228
95	230
95	234
95	251
95	313
95	320
95	326
95	355
95	369
95	381
95	384
95	429
95	468
95	486
95	495
96	106
96	119
96	144
96	175
96	176
96	208
96	209
96	225
96	230
96	237
96	317
96	340
96	361
96	378
96	380
96	390
96	407
96	470
96	493
97	113
97	129
97	143
97	155
97	159
97	163
97	169
97	201
97	208
97	223
97	233
97	246
97	249
97	276
97	304
97	309
97	313
97	318
97	323
97	326
97	364
97	402
97	481
97	492
98	133
98	166
98	181
98	200
98	201
98	204
98	226
98	238
98	240
98	284
98	288
98	292
98	298
98	304
98	327
98	352
98	371
98	431
98	432
98	469
98	472
99	138
99	141
99	152
99	157
99	162
99	200
99	206
99	320
99	323
99	327
99	330
99	348
99	352
99	356
99	390
99	393
99	412
99	447
99	478
100	107
100	158
100	253
100	312
100	323
100	327
100	330
100	356
100	365
100	380
100	397
100	434
100	455
100	459
100	498
101	108
101	122
101	133
101	142
101	176
101	184
101	188
101	227
101	228
101	238
101	246
101	292
101	315
101	337
101	355
101	395
101	399
101	419
101	479
101	491
102	114
102	147
102	164
102	172
102	183
102	223
102	232
102	248
102	256
102	350
102	362
102	385
102	401
102	411
102	442
102	463
102	466
102	486
103	122
103	132
103	139
103	180
103	208
103	236
103	243
103	263
103	279
103	304
103	363
103	381
103	400
103	403
103	414
103	417
103	434
103	438
103	457
103	466
103	478
104	105
104	133
104	140
104	159
104	179
104	195
104	224
104	244
104	281
104	284
104	352
104	381
104	382
104	412
104	434
104	436
104	463
104	488
105	107
105	120
105	137
105	216
105	219
105	225
105	230
105	232
105	256
105	289
105	304
105	327
105	333
105	362
105	365
105	400
105	425
105	442
105	465
105	497
106	132
106	162
106	206
106	235
106	248
106	264
106	270
106	271
106	282
106	293
106	363
106	369
106	376
106	393
106	428
106	455
106	492
107	124
107	161
107	218
107	219
107	248
107	267
107	269
107	275
107	285
107	290
107	291
107	294
107	357
107	375
107	377
107	387
107	425
107	442
107	449
107	463
108	135
108	200
108	219
108	237
108	255
108	287
108	334
108	344
108	356
108	370
108	383
108	415
108	449
108	482
108	484
109	121
109	128
109	185
109	197
109	290
109	291
109	292
109	316
109	323
109	346
109	354
109	374
109	392
109	408
109	452
109	479
109	481
110	117
110	139
110	146
110	151
110	180
110	220
110	231
110	234
110	288
110	306
110	317
110	320
110	330
110	341
110	353
110	356
110	364
110	371
110	376
110	396
110	447
111	124
111	128
111	130
111	132
111	136
111	157
111	158
111	179
111	192
111	194
111	231
111	291
111	328
111	374
111	383
111	410
111	416
111	417
111	432
111	485
112	127
112	131
112	136
112	199
112	315
112	324
112	358
112	385
112	409
113	114
113	132
113	144
113	145
113	177
113	179
113	218
113	227
113	243
113	250
113	253
113	264
113	290
113	296
113	327
113	349
113	360
113	409
113	444
113	466
113	468
114	143
114	148
114	152
114	179
114	263
114	313
114	315
114	333
114	338
114	363
114	401
114	405
114	410
114	423
114	428
114	449
114	453
114	471
114	472
114	491
114	492
115	132
115	150
115	163
115	189
115	195
115	206
115	214
115	225
115	238
115	268
115	290
115	306
115	319
115	320
115	332
115	339
115	343
115	385
115	445
115	463
115	473
115	475
115	479
116	151
116	167
116	191
116	225
116	233
116	289
116	295
116	308
116	339
116	398
116	404
116	425
116	432
116	476
117	121
117	141
117	175
117	238
117	252
117	255
117	296
117	298
117	303
117	306
117	339
117	340
117	360
117	372
117	381
117	386
117	391
117	408
117	409
118	138
118	153
118	185
118	193
118	196
118	217
118	222
118	225
118	243
118	264
118	297
118	300
118	334
118	337
118	344
118	371
118	406
118	419
118	425
118	442
118	494
119	148
119	173
119	212
119	241
119	242
119	250
119	272
119	293
119	301
119	333
119	387
119	391
119	410
119	417
119	441
119	446
119	450
119	457
119	463
119	487
120	161
120	176
120	207
120	217
120	254
120	284
120	304
120	337
120	359
120	399
120	419
120	465
120	470
120	475
121	124
121	133
121	152
121	156
121	174
121	207
121	213
121	254
121	268
121	322
121	343
121	348
121	359
121	376
121	446
121	472
121	499
122	152
122	160
122	165
122	178
122	190
122	198
122	208
122	210
122	216
122	250
122	254
122	265
122	276
122	290
122	386
122	390
122	415
122	460
122	469
123	159
123	162
123	189
123	204
123	211
123	212
123	264
123	283
123	320
123	323
123	365
123	399
123	466
123	469
123	499
124	126
124	179
124	212
124	219
124	233
124	268
124	277
124	291
124	316
124	370
124	394
124	402
124	427
125	129
125	132
125	147
125	173
125	195
125	202
125	272
125	281
125	296
125	315
125	334
125	370
125	390
125	393
125	397
125	418
125	439
125	483
126	132
126	163
126	200
126	214
126	235
126	241
126	251
126	274
126	293
126	353
126	394
126	417
126	418
126	427
126	449
126	489
126	491
127	168
127	169
127	174
127	197
127	199
127	212
127	215
127	226
127	285
127	292
127	306
127	320
127	369
127	377
127	380
127	404
127	444
127	499
128	154
128	159
128	165
128	260
128	290
128	303
128	358
128	450
128	456
128	481
128	486
129	136
129	139
129	140
129	172
129	229
129	242
129	267
129	274
129	286
129	295
129	317
129	323
129	381
129	386
129	421
130	178
130	186
130	189
130	258
130	287
130	315
130	333
130	344
130	420
130	445
130	459
130	466
130	489
131	137
131	154
131	192
131	292
131	310
131	327
131	371
131	400
131	406
131	438
131	453
131	464
131	468
131	483
131	486
132	215
132	223
132	269
132	272
132	278
132	289
132	290
132	294
132	314
132	335
132	393
132	416
132	418
132	455
132	456
132	458
132	459
132	466
132	467
132	473
133	153
133	181
133	196
133	220
133	267
133	304
133	305
133	328
133	373
133	388
133	392
133	401
133	457
133	464
133	478
133	489
134	154
134	155
134	196
134	214
134	217
134	236
134	238
134	256
134	272
134	324
134	370
134	375
134	382
134	437
134	446
134	451
134	459
134	492
135	172
135	218
135	241
135	256
135	281
135	332
135	373
135	378
135	388
135	397
135	413
135	421
136	167
136	184
136	193
136	239
136	263
136	356
136	359
136	382
136	405
136	409
136	480
136	491
137	143
137	149
137	192
137	207
137	219
137	271
137	369
137	374
137	380
137	404
137	406
137	443
137	456
137	461
137	471
137	480
137	497
138	145
138	160
138	163
138	184
138	199
138	222
138	236
138	260
138	263
138	272
138	334
138	357
138	367
138	394
138	405
139	159
139	174
139	211
139	303
139	338
139	376
139	410
139	436
139	454
139	464
139	475
139	478
139	485
139	498
140	146
140	172
140	197
140	215
140	221
140	290
140	304
140	315
140	317
140	358
140	410
140	455
140	474
141	175
141	194
141	228
141	278
141	281
141	306
141	341
141	350
141	356
141	365
141	415
141	421
141	424
141	438
141	445
141	465
141	483
142	169
142	245
142	301
142	307
142	340
142	382
142	391
142	397
142	399
142	444
142	447
142	476
143	183
143	195
143	199
143	234
143	268
143	305
143	309
143	310
143	342
143	362
143	367
143	409
143	438
143	443
143	452
143	465
143	473
143	487
143	497
144	167
144	168
144	218
144	220
144	227
144	242
144	247
144	264
144	276
144	281
144	443
144	444
144	457
144	494
145	166
145	167
145	172
145	202
145	207
145	217
145	240
145	251
145	253
145	284
145	292
145	293
145	299
145	318
145	363
145	373
145	395
145	410
145	429
145	451
146	155
146	157
146	186
146	202
146	220
146	223
146	233
146	248
146	254
146	274
146	333
146	347
146	394
146	400
146	441
146	443
146	445
146	467
146	469
146	474
146	482
146	489
147	158
147	177
147	185
147	219
147	233
147	264
147	268
147	310
147	348
147	355
147	397
147	443
147	455
147	465
148	152
148	158
148	224
148	226
148	244
148	268
148	333
148	345
148	349
148	406
148	451
148	468
148	476
149	174
149	190
149	222
149	226
149	228
149	256
149	257
149	292
149	304
149	314
149	317
149	323
149	340
149	385
149	404
149	419
149	441
149	459
149	468
149	477
149	493
150	152
150	175
150	193
150	239
150	243
150	294
150	344
150	347
150	350
150	364
150	370
150	391
150	429
150	451
150	461
150	477
150	494
151	156
151	188
151	194
151	198
151	200
151	210
151	245
151	254
151	302
151	310
151	320
151	327
151	344
151	373
151	407
151	439
151	455
152	164
152	193
152	210
152	212
152	216
152	240
152	253
152	269
152	314
152	358
152	373
152	460
152	471
153	165
153	169
153	179
153	202
153	211
153	215
153	263
153	273
153	306
153	343
153	349
153	406
153	426
153	451
153	481
154	162
154	177
154	183
154	201
154	210
154	274
154	286
154	335
154	370
154	389
154	402
154	413
154	415
154	451
154	493
155	169
155	189
155	222
155	255
155	263
155	271
155	274
155	278
155	286
155	293
155	296
155	301
155	314
155	320
155	346
155	375
155	429
155	439
155	450
155	498
156	201
156	204
156	234
156	247
156	262
156	307
156	351
156	352
156	370
156	371
156	391
156	420
156	449
156	457
156	470
156	477
156	479
157	159
157	177
157	222
157	238
157	266
157	283
157	287
157	323
157	337
157	340
157	351
157	355
157	364
157	371
157	390
157	461
157	471
157	489
157	499
158	164
158	174
158	209
158	336
158	352
158	361
158	419
158	470
158	475
159	181
159	200
159	208
159	256
159	271
159	328
159	336
159	363
159	386
159	447
159	460
160	166
160	177
160	181
160	232
160	238
160	239
160	253
160	264
160	286
160	304
160	314
160	354
160	369
160	372
160	405
160	406
160	410
160	422
160	487
160	488
160	491
160	498
161	163
161	170
161	188
161	226
161	303
161	321
161	356
161	393
161	395
161	425
162	163
162	165
162	207
162	213
162	248
162	277
162	286
162	289
162	301
162	335
162	359
162	382
162	416
162	468
162	476
162	481
163	238
163	240
163	256
163	257
163	277
163	284
163	286
163	289
163	313
163	315
163	327
163	358
163	398
163	413
163	454
164	215
164	229
164	240
164	270
164	290
164	319
164	362
164	394
164	402
164	416
164	443
165	166
165	181
165	248
165	252
165	287
165	308
165	318
165	330
165	418
165	436
165	480
165	482
165	485
165	495
166	174
166	185
166	277
166	285
166	315
166	318
166	357
166	390
166	394
166	409
166	414
166	420
166	439
166	452
166	473
167	180
167	195
167	196
167	250
167	262
167	264
167	272
167	301
167	333
167	353
167	375
167	393
167	395
167	413
167	434
167	444
167	477
167	493
168	170
168	182
168	194
168	219
168	236
168	248
168	288
168	292
168	301
168	302
168	327
168	328
168	339
168	380
168	382
168	387
168	397
168	446
168	448
168	472
168	488
169	219
169	225
169	248
169	254
169	289
169	290
169	294
169	322
169	362
169	371
169	388
169	406
169	425
169	429
169	467
170	173
170	177
170	187
170	223
170	225
170	227
170	268
170	272
170	302
170	334
170	345
170	365
170	455
170	484
170	491
171	179
171	182
171	185
171	189
171	205
171	207
171	221
171	264
171	266
171	289
171	347
171	352
171	400
171	424
171	458
171	460
171	492
172	174
172	176
172	196
172	203
172	256
172	317
172	320
172	336
172	355
172	360
172	405
172	419
172	424
172	440
172	450
172	453
172	486
173	194
173	202
173	211
173	244
173	248
173	250
173	272
173	290
173	326
173	343
173	350
173	358
173	372
174	195
174	210
174	216
174	218
174	228
174	242
174	264
174	279
174	296
174	316
174	343
174	405
174	408
175	184
175	200
175	218
175	256
175	270
175	272
175	274
175	277
175	289
175	310
175	361
175	362
175	375
175	402
175	408
175	472
175	478
175	495
175	497
176	191
176	201
176	260
176	262
176	264
176	274
176	283
176	284
176	293
176	313
176	323
176	333
176	351
176	394
176	401
176	421
176	423
176	432
176	437
176	461
177	188
177	201
177	221
177	224
177	241
177	261
177	269
177	322
177	384
177	412
177	417
177	439
177	444
178	295
178	310
178	332
178	336
178	342
178	346
178	387
178	401
178	478
178	490
178	499
179	191
179	199
179	212
179	234
179	260
179	261
179	269
179	299
179	317
179	337
179	338
179	370
179	381
179	393
179	394
179	425
179	454
179	492
180	202
180	212
180	225
180	242
180	250
180	269
180	303
180	314
180	315
180	329
180	363
180	399
180	449
180	478
180	485
180	486
181	183
181	185
181	241
181	256
181	276
181	334
181	344
181	379
181	393
181	401
181	415
181	418
181	430
181	448
181	478
181	489
182	247
182	251
182	257
182	263
182	289
182	315
182	328
182	357
182	413
182	415
182	416
182	430
182	466
183	205
183	209
183	230
183	253
183	272
183	279
183	343
183	349
183	415
183	432
183	442
183	455
184	192
184	206
184	208
184	219
184	236
184	266
184	291
184	292
184	322
184	323
184	328
184	395
184	399
184	423
184	475
185	186
185	196
185	227
185	234
185	247
185	265
185	276
185	277
185	304
185	382
185	400
185	404
185	448
185	456
186	188
186	195
186	199
186	205
186	213
186	225
186	236
186	268
186	281
186	412
186	426
186	435
186	462
186	490
187	214
187	217
187	310
187	358
187	378
187	384
187	399
187	420
187	422
187	433
187	444
187	482
187	483
188	194
188	205
188	208
188	219
188	244
188	252
188	264
188	322
188	326
188	363
188	369
188	392
188	395
188	495
188	497
189	215
189	242
189	251
189	271
189	286
189	323
189	333
189	357
189	366
189	390
189	449
189	452
190	213
190	223
190	240
190	263
190	291
190	358
190	384
190	408
190	421
190	434
190	453
190	470
190	472
191	275
191	315
191	329
191	416
191	447
191	456
191	472
191	481
191	494
192	208
192	250
192	252
192	268
192	273
192	295
192	297
192	311
192	315
192	316
192	323
192	328
192	338
192	382
192	397
192	401
192	417
192	424
192	428
192	434
192	463
192	466
192	469
192	488
193	214
193	242
193	246
193	341
193	348
193	354
193	368
193	463
193	488
194	247
194	272
194	278
194	319
194	345
194	355
194	370
194	381
194	427
194	437
195	197
195	199
195	242
195	244
195	277
195	281
195	301
195	306
195	339
195	388
195	392
195	459
195	481
196	210
196	217
196	220
196	253
196	266
196	295
196	298
196	312
196	315
196	355
196	376
196	380
196	390
196	391
196	401
196	413
196	425
196	436
196	449
196	454
196	467
196	468
196	477
196	488
197	206
197	220
197	252
197	255
197	310
197	332
197	356
197	382
197	399
197	401
197	419
197	474
197	484
197	499
198	199
198	218
198	243
198	264
198	301
198	327
198	351
198	371
198	377
198	450
198	492
199	279
199	283
199	347
199	371
199	392
199	400
199	443
199	455
199	456
199	460
200	209
200	218
200	226
200	255
200	264
200	265
200	285
200	292
200	329
200	341
200	355
200	384
200	404
200	443
200	455
200	462
200	485
201	209
201	238
201	325
201	376
201	406
201	426
201	431
201	432
201	438
201	460
201	469
202	211
202	298
202	309
202	316
202	333
202	354
202	365
202	385
202	428
202	455
202	465
202	474
202	477
203	241
203	264
203	265
203	274
203	291
203	298
203	303
203	317
203	335
203	336
203	341
203	348
203	357
203	363
203	380
203	381
203	383
203	389
203	419
203	425
203	451
203	496
204	238
204	239
204	245
204	261
204	269
204	281
204	301
204	343
204	397
204	433
204	449
204	473
204	474
204	486
204	492
205	206
205	207
205	221
205	223
205	228
205	235
205	260
205	263
205	272
205	284
205	293
205	368
205	399
205	434
205	450
205	486
206	208
206	321
206	329
206	331
206	338
206	394
206	431
206	447
206	494
207	229
207	270
207	303
207	378
207	379
207	396
208	210
208	228
208	245
208	266
208	327
208	359
208	369
208	381
208	382
208	442
208	478
208	479
208	497
209	230
209	259
209	286
209	325
209	349
209	369
209	401
209	421
209	452
209	480
209	484
209	495
210	225
210	261
210	279
210	315
210	317
210	324
210	341
210	348
210	356
210	388
210	436
210	441
210	463
210	464
210	487
210	489
211	223
211	281
211	283
211	329
211	340
211	354
211	355
211	368
211	370
211	397
211	404
211	449
211	491
212	245
212	316
212	321
212	326
212	336
212	392
212	440
212	455
212	489
212	492
213	226
213	235
213	268
213	298
213	314
213	377
213	381
213	409
213	417
213	429
213	434
213	496
214	235
214	238
214	260
214	281
214	305
214	400
214	440
214	452
214	454
214	458
214	465
214	478
215	216
215	226
215	250
215	288
215	307
215	376
215	410
215	499
216	256
216	268
216	286
216	298
216	305
216	307
216	311
216	331
216	366
216	369
216	391
216	419
216	427
216	437
216	449
216	464
216	483
216	485
217	226
217	306
217	318
217	331
217	361
217	364
217	365
217	369
217	420
217	461
217	471
217	479
217	480
217	497
218	225
218	270
218	280
218	287
218	288
218	304
218	312
218	482
219	222
219	258
219	269
219	295
219	300
219	305
219	310
219	324
219	378
219	388
219	423
219	430
219	434
219	446
219	483
219	492
219	496
220	262
220	309
220	372
220	373
220	386
220	402
220	412
220	426
220	437
220	450
220	457
220	462
220	466
220	468
220	475
220	485
221	223
221	271
221	296
221	300
221	310
221	343
221	353
221	391
221	398
221	402
221	418
221	431
221	441
221	482
221	483
222	239
222	274
222	304
222	314
222	332
222	340
222	348
222	371
222	377
222	400
222	416
222	420
222	446
222	448
222	460
222	471
223	228
223	241
223	250
223	302
223	304
223	313
223	327
223	352
223	362
223	389
223	428
223	444
223	462
223	476
223	477
223	481
223	497
223	499
224	285
224	302
224	313
224	318
224	324
224	355
224	376
224	382
224	436
224	468
225	226
225	288
225	291
225	301
225	311
225	333
225	350
225	401
225	404
225	439
225	447
225	466
226	229
226	231
226	259
226	314
226	333
226	348
226	351
226	363
226	383
226	392
226	458
226	476
227	309
227	320
227	347
227	362
227	373
227	431
227	460
227	466
227	476
227	478
228	246
228	267
228	269
228	299
228	301
228	308
228	309
228	321
228	402
228	405
228	427
228	433
228	479
228	483
228	492
229	256
229	299
229	353
229	376
229	471
229	482
230	294
230	312
230	341
230	386
230	400
230	402
230	411
230	429
230	453
231	265
231	266
231	277
231	286
231	337
231	397
231	398
231	406
231	408
231	452
232	286
232	311
232	328
232	350
232	357
232	387
232	403
232	443
232	447
232	460
232	481
232	496
233	254
233	259
233	262
233	339
233	379
233	406
233	420
233	428
233	438
233	458
233	491
233	492
233	494
234	239
234	260
234	262
234	264
234	283
234	304
234	305
234	338
234	348
234	365
234	381
234	433
234	441
234	444
234	460
234	461
234	483
235	261
235	280
235	295
235	304
235	305
235	317
235	332
235	338
235	340
235	355
235	361
235	364
235	376
235	381
235	482
235	483
235	484
235	490
236	238
236	257
236	268
236	286
236	325
236	329
236	352
236	354
236	386
236	392
236	422
236	439
236	459
236	478
236	484
237	260
237	294
237	315
237	334
237	336
237	337
237	354
237	378
237	402
237	449
237	460
238	245
238	248
238	299
238	303
238	347
238	395
238	422
238	468
238	471
238	485
238	499
239	241
239	262
239	285
239	302
239	315
239	386
239	461
239	463
239	475
239	480
240	256
240	267
240	291
240	303
240	315
240	317
240	325
240	335
240	359
240	360
240	383
240	408
240	450
240	455
241	268
241	284
241	291
241	317
241	352
241	365
241	398
241	407
241	429
241	435
241	478
242	246
242	247
242	257
242	265
242	275
242	316
242	321
242	326
242	349
242	352
242	371
242	399
242	410
242	428
242	461
243	248
243	256
243	265
243	306
243	377
243	396
243	409
243	424
243	428
243	455
243	487
244	265
244	285
244	302
244	310
244	323
244	331
244	411
244	465
244	475
244	494
245	249
245	256
245	259
245	269
245	280
245	327
245	343
245	359
245	415
245	422
245	452
245	481
246	273
246	282
246	306
246	333
246	369
246	370
246	383
246	415
246	444
246	453
247	292
247	313
247	314
247	392
247	396
247	401
247	418
247	442
247	479
247	484
248	312
248	354
248	356
248	369
248	385
248	392
248	413
248	425
248	433
248	464
248	466
248	497
249	290
249	329
249	348
249	363
249	372
249	395
249	411
249	488
249	491
250	312
250	323
250	340
250	354
250	358
250	372
250	379
250	402
250	417
250	477
251	258
251	268
251	286
251	335
251	401
251	408
251	417
251	444
251	498
252	259
252	277
252	294
252	328
252	331
252	363
252	386
252	391
252	398
252	415
252	430
252	458
252	488
253	255
253	293
253	347
253	360
253	367
253	416
253	433
253	445
253	452
253	487
254	291
254	305
254	318
254	353
254	356
254	390
254	409
254	423
254	426
254	457
254	470
254	473
254	476
255	311
255	328
255	329
255	331
255	353
255	368
255	369
255	386
255	423
255	434
255	465
255	469
255	478
256	264
256	269
256	310
256	324
256	328
256	441
256	447
256	472
257	266
257	309
257	317
257	367
257	369
257	405
257	426
257	431
257	434
257	471
258	265
258	302
258	309
258	349
258	354
258	366
258	368
258	454
258	458
258	469
258	472
258	477
258	478
258	487
259	358
259	364
259	376
259	412
259	415
259	441
259	456
259	467
259	469
259	489
259	499
260	264
260	273
260	277
260	290
260	317
260	360
260	388
260	425
260	431
260	452
260	456
260	479
260	487
261	287
261	291
261	309
261	318
261	338
261	371
261	381
261	422
261	439
261	440
261	455
261	473
262	290
262	291
262	318
262	360
262	375
262	386
262	426
262	428
262	468
262	473
263	282
263	292
263	338
263	364
263	391
263	438
263	470
263	472
263	481
263	493
264	266
264	276
264	292
264	299
264	317
264	356
264	357
264	385
264	396
264	403
264	405
264	420
264	445
264	452
264	470
264	482
264	494
265	283
265	293
265	295
265	403
265	479
266	298
266	315
266	322
266	328
266	343
266	352
266	354
266	396
266	400
266	415
266	423
266	436
266	458
266	487
266	496
266	499
267	305
267	313
267	314
267	347
267	367
267	392
268	271
268	277
268	283
268	332
268	338
268	345
268	356
268	363
268	374
268	378
268	385
268	399
268	400
268	404
268	447
268	486
269	275
269	291
269	321
269	325
269	360
269	394
269	397
269	437
269	438
269	447
269	461
270	324
270	326
270	354
270	393
270	407
270	409
270	439
270	452
270	476
271	275
271	277
271	282
271	301
271	311
271	320
271	334
271	342
271	359
271	365
271	372
271	399
271	445
271	483
272	290
272	337
272	384
272	417
272	428
272	432
272	453
272	456
273	293
273	320
273	359
273	378
273	399
273	421
273	473
273	499
274	297
274	304
274	310
274	348
274	374
274	377
274	458
274	462
274	470
274	483
274	496
275	279
275	283
275	286
275	327
275	356
275	408
275	423
275	431
275	435
275	439
275	489
275	495
276	287
276	349
276	356
276	362
276	371
276	405
276	414
276	445
276	463
277	300
277	322
277	339
277	349
277	355
277	372
277	382
277	419
277	423
277	428
277	434
277	440
277	442
277	444
277	450
277	492
277	494
278	287
278	314
278	332
278	341
278	357
278	377
278	391
278	415
278	426
278	437
278	461
278	462
278	473
278	474
278	493
279	282
279	309
279	329
279	341
279	344
279	356
279	361
279	372
279	378
279	389
279	397
279	427
279	440
279	488
280	307
280	341
280	398
280	471
281	328
281	330
281	334
281	377
281	379
281	412
281	442
281	455
281	463
281	474
281	483
282	283
282	298
282	310
282	320
282	323
282	384
282	392
282	455
282	472
283	360
283	361
283	373
283	377
283	383
283	411
283	465
283	473
283	475
283	485
284	339
284	390
284	445
284	456
284	473
284	494
285	298
285	301
285	324
285	331
285	349
285	370
285	378
285	385
285	402
285	420
285	433
285	494
286	287
286	310
286	394
286	421
286	459
287	297
287	305
287	397
287	432
287	448
287	482
287	487
288	292
288	294
288	312
288	316
288	327
288	328
288	359
288	377
288	380
288	391
288	419
288	429
289	293
289	303
289	309
289	324
289	330
289	333
289	335
289	379
289	392
289	409
289	456
289	463
289	495
290	379
290	382
290	383
290	424
290	474
290	481
290	486
291	301
291	333
291	337
291	341
291	345
291	380
291	381
291	384
291	407
291	420
291	423
291	499
292	305
292	306
292	361
292	365
292	403
292	425
292	438
292	470
292	485
293	296
293	300
293	316
293	344
293	365
293	372
293	381
293	387
293	393
293	414
293	416
293	436
293	440
293	485
293	492
294	304
294	309
294	315
294	339
294	392
294	441
294	454
294	467
294	469
295	314
295	333
295	350
295	365
295	367
295	419
295	473
295	481
295	486
296	311
296	314
296	322
296	328
296	382
296	392
296	435
296	450
296	455
296	470
296	488
296	493
297	370
297	380
297	409
297	423
297	430
297	460
297	477
298	299
298	372
298	373
298	384
298	407
298	416
298	417
298	461
298	469
298	484
298	495
299	333
299	345
299	347
299	369
299	385
299	406
299	410
299	429
299	431
299	456
299	460
299	493
300	303
300	340
300	412
300	435
300	438
300	450
300	465
300	475
301	337
301	342
301	372
301	383
301	410
301	421
301	424
301	434
301	463
301	474
301	479
302	389
302	409
302	413
302	418
302	433
302	481
302	490
303	306
303	332
303	362
303	375
303	423
303	438
303	450
303	471
303	480
303	484
303	485
303	486
303	493
303	495
304	320
304	329
304	344
304	417
304	431
304	456
304	491
305	306
305	318
305	333
305	343
305	373
305	406
305	469
305	472
305	484
305	494
306	326
306	327
306	331
306	365
306	421
306	433
306	463
306	469
306	481
307	314
307	330
307	356
307	364
307	366
307	378
307	379
307	384
307	427
307	455
308	320
308	337
308	339
308	358
308	367
308	372
308	373
308	375
308	420
308	471
309	339
309	379
309	407
309	446
309	450
309	460
309	470
309	474
309	488
310	323
310	354
310	366
310	407
310	432
310	440
310	471
310	477
310	482
311	329
311	351
311	365
311	429
311	433
311	444
311	482
312	322
312	326
312	365
312	375
312	378
312	413
312	430
312	433
312	448
312	453
312	472
312	483
312	499
313	332
313	408
313	434
313	449
313	452
313	457
313	460
313	466
313	489
314	384
314	402
314	406
314	408
314	435
314	444
314	446
314	451
314	484
314	489
315	327
315	341
315	356
315	475
315	476
315	497
316	318
316	323
316	331
316	363
316	394
316	422
316	438
316	439
316	444
316	447
316	454
316	464
316	468
316	479
317	354
317	390
317	398
317	410
317	420
317	442
317	452
317	471
318	319
318	322
318	327
318	389
318	396
318	405
318	414
318	428
318	431
318	438
318	499
319	326
319	351
319	356
319	386
319	407
319	442
319	466
319	474
319	476
320	323
320	344
320	366
320	391
320	417
320	466
320	468
320	469
321	331
321	343
321	369
321	386
321	477
321	481
321	489
322	325
322	338
322	347
322	393
322	404
322	431
322	455
322	462
322	466
323	329
323	335
323	348
323	434
323	445
323	471
323	478
323	486
324	337
324	348
324	370
324	398
324	462
324	471
324	484
325	330
325	348
325	374
325	376
325	420
325	429
325	433
325	451
325	466
325	481
325	484
326	339
326	346
326	418
326	487
327	343
327	379
327	407
327	424
327	433
327	471
327	475
328	329
328	358
328	378
328	422
328	423
328	426
328	432
328	460
328	461
328	493
328	499
329	330
329	349
329	351
329	434
329	461
330	349
330	415
330	433
330	439
330	451
330	484
331	341
331	354
331	380
331	392
331	438
331	444
331	491
332	335
332	368
332	397
332	414
332	452
332	458
333	334
333	353
333	356
333	375
333	391
333	396
333	408
333	430
333	445
333	496
334	344
334	348
334	360
334	426
334	478
334	479
334	482
334	491
334	494
335	350
335	374
335	392
335	422
335	439
335	440
335	444
336	343
336	344
336	374
336	437
336	486
336	499
337	398
337	450
337	453
337	458
337	462
337	494
338	339
338	352
338	389
338	396
338	399
338	421
338	424
338	435
338	453
338	478
338	484
339	347
339	360
339	450
339	451
339	499
340	462
340	497
340	498
341	349
341	363
341	372
341	377
341	396
341	416
341	479
341	499
342	358
342	407
342	425
342	433
342	451
342	452
342	475
342	480
342	488
342	490
342	496
343	382
343	453
343	462
343	463
343	495
344	362
344	364
344	406
344	469
344	473
344	486
344	495
344	499
345	396
345	401
345	440
345	444
345	473
345	474
346	367
346	396
346	440
346	464
347	362
347	391
347	397
347	420
347	430
347	434
347	461
347	465
347	476
347	484
347	489
348	356
348	362
348	375
348	409
348	420
348	431
348	432
348	447
348	462
349	362
349	420
349	422
349	429
349	438
349	451
349	469
349	495
350	409
350	415
350	467
351	359
351	360
351	378
351	380
351	381
351	477
352	368
352	374
352	386
352	418
352	421
352	431
352	451
352	456
352	463
352	469
353	377
353	381
353	411
353	458
353	498
354	364
354	387
354	429
354	458
354	469
354	471
354	476
354	477
354	496
355	388
355	393
355	483
355	489
356	373
356	385
356	425
356	445
356	448
356	450
356	451
356	459
356	466
356	486
356	488
356	499
357	383
357	386
357	398
357	406
358	363
358	396
358	411
358	432
358	440
358	470
359	378
359	393
359	399
359	412
359	422
359	437
359	459
360	367
360	373
360	381
360	423
360	479
360	484
361	388
361	394
361	424
361	428
361	440
361	449
361	481
361	491
362	363
362	373
362	377
362	446
362	448
362	453
362	462
362	466
363	377
363	381
363	386
363	399
363	404
363	445
363	452
363	460
363	469
363	471
363	490
363	497
364	373
364	411
364	450
364	466
364	488
364	491
365	394
365	403
365	408
365	433
365	440
365	448
365	477
365	486
366	388
366	405
366	414
366	419
366	457
366	479
366	492
367	396
367	400
367	410
367	481
367	497
368	370
368	381
368	384
368	407
368	423
368	476
368	492
369	399
369	431
369	434
369	440
369	445
369	453
369	460
369	487
369	492
370	422
370	429
370	441
370	460
370	465
370	499
371	394
371	414
371	462
371	492
372	397
372	410
372	435
372	478
372	483
372	492
373	385
373	418
373	431
373	432
373	453
373	455
373	474
373	480
373	486
374	397
374	398
374	409
374	415
374	419
374	427
374	445
374	450
374	469
374	481
375	412
375	413
375	421
375	444
375	471
375	480
376	390
376	397
376	405
376	417
376	427
376	441
376	488
377	498
378	384
378	455
378	456
378	458
378	467
378	482
378	498
379	392
379	439
379	445
379	448
379	458
379	466
379	476
379	478
379	496
380	394
380	404
380	415
380	421
380	454
380	459
381	388
381	389
381	403
381	417
381	452
381	467
381	471
381	485
382	398
382	452
382	496
383	395
383	397
383	404
383	421
383	422
383	491
384	386
384	398
384	443
384	454
384	468
384	473
384	499
385	426
385	428
385	432
385	442
385	450
385	472
385	475
385	497
386	397
386	420
386	440
386	443
386	486
386	493
387	389
387	438
387	449
387	455
387	481
387	485
387	494
388	402
388	435
388	441
388	473
389	412
389	444
389	479
390	393
390	397
390	407
390	431
390	464
390	471
390	481
391	404
391	407
391	432
391	433
391	441
392	448
392	458
392	476
393	430
393	434
393	459
393	465
394	471
394	485
395	424
395	431
395	436
395	455
395	460
395	465
395	467
395	473
395	474
395	484
395	485
396	402
396	422
396	445
396	453
396	487
396	489
397	449
397	459
397	485
397	488
398	435
398	447
398	450
398	463
398	479
398	481
398	494
398	498
399	407
399	425
399	441
399	449
399	475
400	415
400	489
400	491
401	406
401	428
401	441
401	442
401	448
401	497
401	499
402	415
402	464
402	475
402	479
402	496
403	415
403	457
403	467
403	481
404	460
404	483
404	497
405	434
405	448
405	480
406	409
406	413
406	442
406	464
407	431
407	432
407	449
407	464
407	484
408	459
408	484
409	421
409	427
409	434
409	451
409	468
409	479
410	422
410	425
410	448
411	434
411	454
411	463
411	464
411	465
412	413
412	426
412	447
412	475
412	478
413	436
413	447
413	455
413	474
413	485
413	493
413	497
414	416
414	429
414	435
414	438
415	437
415	438
415	456
415	464
415	472
415	486
416	421
416	436
416	437
416	442
416	443
416	455
416	467
416	480
416	486
416	496
417	418
417	424
417	458
417	462
417	467
418	435
418	436
418	464
419	483
420	428
420	435
420	477
420	478
421	444
421	496
422	429
422	449
422	491
423	487
424	447
424	459
424	463
424	467
424	476
424	485
425	474
425	494
426	432
426	439
426	447
426	449
426	458
426	467
426	472
427	445
427	449
427	456
427	460
427	468
427	476
427	485
427	487
428	434
428	472
428	492
429	437
429	445
429	455
429	470
429	499
430	482
430	487
431	442
432	445
432	481
432	490
433	458
433	471
433	474
433	493
433	497
434	475
434	482
434	486
434	498
435	450
437	441
437	477
437	486
437	498
438	461
438	466
439	443
439	472
439	487
440	484
440	489
441	442
441	464
441	468
441	497
443	453
443	470
443	484
444	453
444	464
444	488
445	453
446	456
446	469
447	480
447	485
448	457
448	481
449	496
451	455
451	484
453	487
453	488
453	490
454	465
454	493
456	469
456	482
456	484
458	475
459	470
459	473
459	480
460	470
460	484
460	485
461	486
462	469
462	475
462	490
463	475
464	465
464	467
464	474
464	493
465	466
465	469
465	479
465	492
467	477
469	476
470	475
470	477
470	480
471	478
471	499
472	480
472	493
473	483
474	488
475	488
475	495
476	495
481	489
482	490
486	491
487	493
488	497
490	499
491	497
492	499
493	496
493	497
496	497
