0	202
0	359
0	476
1	459
2	339
2	458
3	300
3	368
3	406
4	172
4	194
4	274
4	340
4	448
4	468
6	320
7	21
8	322
8	395
9	29
9	186
9	251
9	404
10	49
10	472
11	470
12	299
13	294
13	345
13	363
13	476
14	62
14	121
14	227
15	107
15	108
16	386
17	234
17	461
18	236
18	376
19	117
19	269
20	21
20	349
20	479
21	361
21	410
21	444
22	252
22	391
23	146
24	283
24	431
25	408
26	41
26	422
26	441
27	64
27	277
27	334
27	335
28	65
28	321
29	183
29	309
29	458
29	481
31	87
31	391
31	413
32	170
32	483
33	38
33	449
33	497
35	86
35	136
35	309
35	335
35	336
35	356
35	438
37	135
39	202
39	430
39	445
39	452
41	121
41	140
42	192
43	76
43	360
44	222
44	336
44	426
44	499
45	57
45	164
45	169
45	296
45	351
45	460
46	228
46	423
47	100
47	399
48	76
48	121
48	185
48	407
48	479
49	475
50	143
50	178
51	68
51	252
51	494
52	78
52	272
52	330
52	337
52	376
53	203
54	260
54	269
54	475
55	235
55	324
55	472
56	154
56	419
57	103
57	198
58	80
58	176
58	261
58	396
60	339
61	63
61	179
61	399
62	262
62	296
63	249
64	199
65	214
66	136
66	304
67	74
67	222
67	278
70	117
70	316
70	408
70	496
71	146
71	360
71	447
72	75
72	111
72	163
72	177
72	214
73	389
73	488
74	113
74	204
74	420
75	104
76	112
76	391
77	265
77	292
77	304
77	322
78	180
78	204
79	346
79	366
79	496
80	208
80	236
80	349
80	362
80	482
81	261
81	484
82	131
82	238
83	281
86	196
86	428
88	142
88	316
89	213
89	363
89	378
90	387
91	297
91	323
91	324
91	330
91	383
94	211
95	108
95	178
95	322
95	327
96	345
96	393
98	169
99	155
99	350
100	151
100	180
100	252
100	262
101	233
101	242
101	429
102	127
102	135
102	209
103	168
104	146
104	195
104	201
104	324
104	476
106	144
106	362
106	417
106	469
107	389
107	498
108	323
108	430
109	203
111	221
111	370
112	139
112	488
113	133
114	213
114	271
114	310
115	373
116	320
116	470
117	179
118	408
118	489
119	129
119	223
120	373
120	467
120	480
121	208
121	248
121	305
121	354
122	166
122	287
122	493
124	152
125	198
125	320
126	204
126	205
126	480
127	176
128	187
128	245
128	352
129	177
129	230
129	331
130	165
130	209
131	293
131	347
132	211
132	425
132	454
132	484
133	323
134	320
135	230
136	203
136	360
137	328
137	375
137	496
140	208
140	323
140	357
143	230
144	147
144	263
144	379
144	380
144	383
145	218
145	255
145	346
145	409
145	443
146	301
146	487
147	363
148	340
149	157
150	312
150	321
150	425
151	196
152	247
152	452
152	454
153	455
155	259
156	412
157	395
158	328
158	497
159	187
159	406
160	257
160	287
160	291
160	384
162	493
164	303
164	455
165	440
166	267
167	289
167	335
167	357
167	470
168	190
169	294
169	484
170	245
171	280
171	365
171	409
171	446
171	493
172	311
172	384
173	188
173	222
173	378
175	262
175	424
176	219
176	251
177	269
177	276
178	286
179	238
179	259
179	262
180	408
180	495
181	374
182	292
183	365
183	485
184	226
186	385
187	292
187	357
187	402
187	404
187	464
188	291
188	409
188	456
189	263
189	366
191	271
192	291
192	379
192	437
193	216
193	325
193	421
195	231
197	234
198	340
199	409
199	419
200	286
200	442
201	323
201	363
201	402
202	365
203	373
204	320
205	267
206	422
206	479
207	270
207	271
207	352
209	357
209	401
209	491
210	375
212	280
213	310
213	312
213	479
214	256
215	265
216	454
217	489
218	378
218	436
219	471
220	315
220	431
221	262
221	336
221	341
222	481
224	310
224	442
225	261
225	356
225	438
226	235
226	251
226	292
226	301
226	437
227	371
228	342
228	468
229	412
229	452
231	305
232	294
232	297
234	351
238	330
238	366
238	374
238	414
241	387
241	453
243	297
243	304
243	394
244	474
245	322
246	284
246	358
246	465
249	341
250	329
251	275
251	312
251	421
252	401
253	381
253	399
253	478
254	271
254	355
255	308
255	345
256	320
256	477
256	488
257	279
257	419
259	336
260	380
261	370
264	437
264	457
264	484
266	378
266	415
267	390
271	279
271	283
271	443
271	469
273	278
275	495
276	399
276	487
278	329
278	474
279	345
279	434
281	385
281	493
282	320
282	391
282	400
282	452
283	285
283	357
283	383
286	345
286	387
290	397
293	380
293	422
294	298
294	349
294	403
294	419
298	409
299	308
299	450
299	476
300	329
300	355
300	390
301	314
301	416
301	445
303	379
304	308
307	396
310	464
316	376
318	371
318	448
319	497
320	344
320	483
321	454
322	376
322	465
325	490
327	335
334	399
334	445
337	412
339	391
339	428
340	499
341	458
342	357
342	434
342	440
343	467
344	368
349	426
351	373
351	419
353	438
354	370
357	418
359	375
359	429
360	375
360	401
360	408
361	382
362	455
363	369
363	421
364	414
368	472
370	395
370	480
372	397
377	421
378	423
379	441
379	482
382	427
383	457
383	497
384	414
388	447
388	470
388	490
389	495
390	447
391	399
392	466
393	487
394	423
397	455
398	441
398	459
400	466
400	483
400	497
402	442
411	448
411	491
414	451
414	478
415	425
415	462
419	422
422	472
423	450
430	459
430	490
434	482
438	467
440	456
441	494
445	468
446	489
450	493
451	481
458	490
463	469
464	476
473	494
477	479
