0	29
0	122
0	149
0	157
0	241
0	287
0	305
0	329
0	374
1	162
1	182
1	204
1	229
1	458
2	37
2	58
2	197
2	385
2	475
3	198
3	369
3	444
4	40
5	352
5	389
6	334
6	475
7	38
7	460
7	486
8	64
8	217
8	224
8	230
8	242
8	278
8	472
9	28
9	53
9	176
9	209
9	235
9	246
9	261
9	313
10	46
10	259
10	339
10	377
11	75
11	201
11	336
12	123
12	302
12	438
12	471
13	22
13	390
14	103
14	229
14	244
15	49
15	85
15	96
15	169
15	399
16	102
16	329
16	436
17	34
17	195
17	202
17	206
17	304
17	404
17	498
18	23
18	26
18	48
18	266
18	274
18	314
19	95
19	105
19	246
19	319
19	395
19	413
20	229
20	233
20	287
20	302
20	339
21	197
21	238
21	246
21	354
22	182
22	269
22	304
22	335
22	470
23	83
23	117
23	126
23	350
23	361
24	81
24	115
24	278
24	412
24	439
24	482
24	489
24	495
25	106
25	149
25	256
25	278
25	364
26	36
26	249
26	274
26	315
26	357
26	358
27	71
27	84
27	115
27	116
27	218
27	233
28	90
28	318
28	439
28	489
28	499
29	176
29	306
29	351
30	36
30	80
30	99
30	112
30	116
31	44
31	135
31	347
31	371
32	38
32	121
32	231
33	238
33	312
34	37
34	379
34	385
34	422
34	481
35	156
35	202
35	289
35	352
36	132
36	237
36	248
36	301
36	349
36	413
36	422
37	142
37	476
38	96
38	115
38	202
38	387
38	406
38	425
39	141
39	154
39	297
39	398
39	456
39	469
40	118
40	284
40	325
40	329
40	366
40	427
41	81
41	85
41	452
42	62
42	105
42	151
42	279
42	355
42	382
43	68
43	84
43	119
43	327
43	337
43	409
44	367
45	262
45	481
46	74
46	125
46	221
47	165
48	194
48	388
49	114
49	223
49	407
49	420
49	428
49	478
50	77
50	102
50	141
50	266
51	151
51	163
52	105
53	396
54	154
54	246
54	398
54	419
54	469
55	77
55	130
55	173
55	186
55	259
56	245
56	285
56	377
56	426
56	466
57	159
57	237
57	247
57	249
57	277
57	374
57	421
57	440
58	119
58	122
58	125
58	232
58	333
58	466
59	80
59	106
59	299
60	104
61	80
61	294
61	324
61	366
61	383
61	486
62	256
62	345
62	352
62	398
63	133
63	152
63	222
63	256
64	131
64	196
64	200
64	204
64	349
64	406
65	467
65	468
66	104
66	377
66	449
66	492
67	88
67	99
67	197
67	242
67	301
67	346
67	380
67	414
67	432
67	460
68	96
68	205
68	293
68	496
69	248
69	384
69	393
69	437
70	119
70	395
70	461
70	497
71	204
71	346
71	375
72	162
72	208
72	280
72	427
72	476
73	150
73	233
73	293
73	330
74	120
74	364
74	456
75	115
75	218
75	436
75	495
76	264
76	277
76	333
76	342
77	88
77	135
77	151
77	170
77	185
77	238
77	317
77	437
78	289
78	439
78	485
79	198
79	256
79	334
80	153
80	357
80	426
80	438
80	443
81	101
81	107
81	248
81	262
81	297
81	326
82	196
82	274
82	348
82	403
83	172
83	269
83	341
83	403
83	487
84	177
84	400
85	131
85	228
85	353
85	447
86	206
86	250
86	381
87	149
87	183
87	216
87	259
87	281
87	388
87	400
87	421
87	472
88	156
88	311
88	393
88	473
88	478
89	115
89	324
89	358
89	486
90	156
90	207
90	265
90	312
90	499
91	266
91	278
91	332
92	97
92	130
92	381
93	135
93	280
93	300
93	341
94	164
94	296
94	319
95	171
95	224
96	132
96	195
96	207
96	273
96	339
97	161
97	172
97	258
97	281
97	370
98	199
98	325
98	479
98	482
99	164
99	315
100	150
100	170
100	202
100	312
100	425
100	451
101	138
101	380
101	398
101	417
102	105
102	134
102	250
103	140
103	295
103	301
103	302
103	345
104	188
104	263
104	353
104	380
104	408
105	270
105	306
105	332
105	434
105	461
105	492
106	138
106	208
106	241
106	357
106	398
106	417
106	424
107	205
107	412
108	175
108	288
108	291
109	121
109	215
109	233
109	434
110	166
110	174
110	471
111	164
111	230
111	278
111	465
112	115
112	222
112	271
113	131
113	288
113	321
113	397
113	453
114	116
115	161
115	241
115	262
115	333
115	450
116	154
116	193
116	444
117	137
117	155
117	181
117	182
117	206
117	379
118	184
118	371
119	139
119	171
119	297
119	300
119	317
119	343
120	238
120	363
121	223
121	364
121	396
121	405
121	440
122	241
123	434
124	417
124	485
125	147
125	174
125	279
126	320
127	208
127	278
127	320
128	167
128	222
128	239
128	266
128	269
128	340
128	438
128	446
128	488
129	150
129	201
129	275
129	323
129	334
129	373
129	480
130	134
130	161
130	214
130	218
130	473
130	481
131	250
131	262
131	264
131	284
131	357
132	202
132	271
132	373
132	389
132	468
133	141
133	258
133	267
133	403
133	439
133	441
134	324
134	361
134	377
135	136
135	144
135	213
135	318
135	399
136	254
136	256
136	279
136	461
137	300
137	495
138	476
139	173
139	235
139	307
139	338
140	332
140	394
140	417
141	316
141	374
141	433
141	456
141	464
142	295
142	303
142	407
142	413
144	284
144	366
144	469
145	313
145	330
145	387
145	407
145	428
146	255
146	387
146	417
146	463
146	482
147	242
147	320
147	448
148	205
148	260
148	275
148	303
148	409
149	175
149	233
149	378
149	409
149	424
150	205
150	315
150	463
150	467
151	201
151	218
151	296
151	471
152	421
153	183
153	216
153	444
153	452
153	457
153	490
154	294
155	157
155	291
155	296
155	364
155	415
155	451
156	212
156	224
156	228
156	283
156	374
156	461
156	482
157	160
157	233
157	272
157	287
158	225
158	277
158	349
158	372
158	384
158	465
159	248
159	437
161	416
162	227
162	236
162	409
163	188
163	301
163	334
163	398
164	190
164	383
165	167
165	248
165	372
166	195
166	260
166	268
166	322
166	362
166	415
166	447
167	237
167	393
167	398
167	407
167	446
167	492
167	495
168	288
168	309
168	315
168	496
169	220
169	309
171	239
171	255
172	203
172	314
172	320
172	391
172	484
173	176
173	289
173	378
173	433
174	338
174	343
175	181
175	451
176	187
176	222
176	242
176	451
176	491
177	191
177	218
177	420
178	321
178	401
179	237
179	242
179	304
179	405
179	416
179	442
179	470
180	235
180	379
180	380
180	389
180	439
181	242
181	319
181	389
182	299
182	380
182	433
182	443
182	444
182	451
183	225
183	308
183	398
183	477
184	212
184	219
184	256
184	322
184	346
185	241
185	326
185	396
186	221
186	399
187	366
187	398
187	432
188	230
188	339
188	363
188	387
189	226
189	246
189	368
189	389
189	399
189	411
189	476
190	237
190	375
191	485
192	294
193	201
193	205
193	262
195	321
195	338
195	388
195	403
196	206
196	314
196	455
196	465
197	232
197	333
197	410
197	453
198	362
198	429
198	461
198	471
199	245
199	347
199	379
199	470
200	218
200	376
200	449
200	499
201	239
201	283
201	310
201	376
201	415
202	263
202	469
203	241
203	476
204	353
204	360
204	388
204	407
206	406
207	281
207	372
207	442
208	400
208	491
209	218
209	262
209	270
209	491
210	417
211	329
211	347
211	369
212	429
212	496
213	260
213	285
213	432
213	435
214	220
214	232
215	413
216	228
216	421
216	439
216	450
217	383
217	474
218	234
218	242
218	282
218	336
218	345
218	402
218	442
219	306
219	337
219	449
220	352
220	384
220	480
221	306
221	339
222	315
222	413
222	436
222	495
223	238
224	236
224	430
225	347
225	382
226	455
226	480
227	450
227	494
228	237
228	346
228	385
229	333
230	268
230	281
230	298
230	305
230	321
230	372
230	426
230	436
230	498
231	289
231	430
231	486
232	324
233	344
233	413
234	372
234	377
234	431
234	465
235	353
235	388
236	298
236	321
236	352
236	479
237	381
238	432
239	250
240	261
240	291
240	311
240	312
241	349
241	353
241	473
241	474
241	494
242	283
242	319
242	410
243	497
244	253
244	265
244	455
245	275
245	324
245	485
246	346
246	467
246	499
247	302
247	337
247	342
247	413
247	439
248	312
249	371
249	422
249	497
250	259
250	280
250	355
251	451
251	490
252	270
252	360
252	414
252	439
252	454
253	466
253	472
253	485
254	269
254	341
254	363
255	431
256	366
256	377
257	393
258	267
260	319
260	388
260	443
260	451
260	495
261	282
261	447
261	449
261	474
262	499
263	266
263	277
263	283
263	449
264	306
264	439
264	470
265	361
265	394
265	486
266	269
267	408
267	421
268	284
268	292
269	395
269	414
269	423
269	466
269	485
269	487
270	308
270	438
271	274
272	365
272	371
272	416
272	485
273	427
273	437
273	465
273	496
274	284
274	313
275	336
275	359
275	377
275	441
276	437
277	352
278	458
279	323
279	399
280	290
280	368
280	386
280	460
281	415
282	316
282	331
282	363
282	449
283	316
283	480
284	337
285	400
286	299
286	399
287	316
287	405
287	442
288	296
288	356
288	422
288	458
288	483
289	406
290	380
290	405
291	347
292	455
293	342
293	465
294	360
294	453
294	465
295	306
296	326
296	329
296	395
296	457
297	316
297	370
297	414
298	356
298	399
298	482
298	485
299	331
299	410
299	449
300	455
300	477
301	324
301	339
302	464
303	309
303	366
303	437
304	349
304	410
304	491
304	495
305	437
306	345
308	312
308	368
309	480
310	467
311	331
311	347
311	418
311	449
311	489
312	383
312	468
313	354
313	392
313	484
314	458
315	467
316	354
316	462
316	483
316	496
317	343
317	451
318	392
318	407
318	413
319	430
319	496
322	338
322	363
322	412
322	416
322	475
323	448
324	456
325	338
325	381
326	337
326	478
327	420
327	488
329	366
330	406
330	436
331	482
333	449
334	371
334	464
335	396
335	432
335	474
336	354
336	495
337	426
337	493
338	352
339	385
340	401
340	454
341	428
341	444
342	401
343	441
343	460
343	480
343	493
346	352
346	472
347	356
347	391
347	477
348	470
349	395
349	412
350	353
350	484
351	448
353	499
354	483
356	362
357	456
358	362
358	372
358	496
359	428
359	450
364	388
364	422
365	405
365	489
366	369
366	421
366	444
367	372
367	418
368	450
369	382
369	407
369	496
374	453
374	472
375	463
375	486
377	379
377	424
378	431
379	439
379	464
379	470
381	460
381	497
383	427
385	388
385	407
386	466
387	388
387	403
387	404
388	390
388	416
388	435
389	453
391	483
392	430
393	429
393	477
394	458
394	486
396	409
397	464
398	477
398	485
400	492
402	422
404	449
407	447
408	426
408	490
409	458
411	492
411	496
415	451
416	466
419	429
419	494
421	427
423	432
424	426
424	440
427	452
427	465
427	468
428	490
430	452
431	476
435	443
435	477
435	484
435	486
436	459
437	438
437	479
437	494
438	468
438	483
439	446
440	495
443	445
443	449
446	474
449	487
450	499
451	487
452	458
454	470
455	472
457	478
462	477
462	478
464	465
469	492
472	497
481	498
484	492
485	494
489	494
