257047	0
75770	1
343160	2
530674	3
434008	4
9977	5
19312	6
517274	7
41727	8
645703	9
16363	10
507124	11
320563	12
707144	13
267786	14
275615	15
21536	16
131185	17
135416	18
452538	19
534067	20
745249	21
776793	22
631796	23
708687	24
568603	25
609579	26
630084	27
664601	28
682055	29
689098	30
255415	31
468888	32
574977	33
599210	34
338797	35
485409	36
139657	37
279536	38
252344	39
728976	40
353080	41
430578	42
464925	43
464783	44
440552	45
254729	46
9113	47
199709	48
208265	49
396553	50
492981	51
518455	52
467589	53
471974	54
228973	55
393746	56
30572	57
161119	58
346549	59
470595	60
102958	61
192731	62
311774	63
407045	64
526755	65
25258	66
32164	67
110011	68
123135	69
231050	70
59341	71
117708	72
128709	73
287873	74
294295	75
439450	76
94416	77
89567	78
306974	79
469818	80
40454	81
104532	82
104756	83
143764	84
289998	85
375331	86
391481	87
197002	88
271224	89
309372	90
591640	91
51720	92
363398	93
86834	94
90031	95
179140	96
523180	97
524827	98
593148	99
600369	100
840220	101
827548	102
762937	103
191257	104
235282	105
37052	106
559424	107
56549	108
240176	109
328019	110
347922	111
75271	112
177292	113
202730	114
557536	115
801766	116
26947	117
395328	118
265557	119
347442	120
30709	121
112869	122
116546	123
9398	124
67270	125
118612	126
128725	127
135108	128
210827	129
359507	130
407462	131
111506	132
406983	133
489346	134
220923	135
136908	136
603671	137
617136	138
755868	139
816019	140
833794	141
685823	142
746101	143
729020	144
754760	145
773010	146
845166	147
48020	148
155700	149
244594	150
315858	151
391484	152
410054	153
460701	154
123962	155
162132	156
166978	157
212930	158
763984	159
599460	160
787882	161
382332	162
306111	163
326879	164
698369	165
552310	166
731869	167
652533	168
675070	169
541168	170
653481	171
704752	172
802120	173
821553	174
801776	175
666799	176
367794	177
532998	178
635712	179
574480	180
702465	181
705020	182
603211	183
533899	184
258969	185
405903	186
349384	187
389833	188
147149	189
6541	190
79042	191
104190	192
131973	193
163046	194
235295	195
262785	196
329794	197
368663	198
400891	199
543414	200
598772	201
746352	202
747651	203
763720	204
427911	205
190906	206
365264	207
48749	208
745843	209
100084	210
101847	211
242723	212
356762	213
392058	214
474536	215
217232	216
232147	217
414474	218
81605	219
16966	220
165825	221
217235	222
47687	223
221888	224
316792	225
528144	226
356617	227
639842	228
690630	229
725531	230
581615	231
684774	232
546789	233
667561	234
27541	235
148857	236
221889	237
615091	238
827635	239
479782	240
490897	241
82393	242
120773	243
700227	244
601389	245
563720	246
605924	247
689792	248
697501	249
752615	250
817751	251
831118	252
831639	253
669763	254
605402	255
614670	256
671687	257
697820	258
773455	259
547511	260
625918	261
571258	262
582948	263
676614	264
690406	265
709541	266
740971	267
790588	268
698334	269
744720	270
582997	271
550724	272
756390	273
551138	274
41114	275
808568	276
559465	277
805067	278
681860	279
531297	280
660964	281
655822	282
21703	283
23798	284
59321	285
132034	286
213673	287
386315	288
433046	289
12476	290
75686	291
192995	292
130943	293
320515	294
78174	295
529019	296
730441	297
135516	298
700959	299
757057	300
149541	301
40702	302
148755	303
150427	304
356658	305
395448	306
405314	307
501663	308
407924	309
216762	310
492967	311
748874	312
482873	313
624256	314
468900	315
515093	316
534074	317
113860	318
463362	319
438570	320
447689	321
490932	322
232401	323
333871	324
279277	325
1679	326
398671	327
441267	328
464463	329
1809	330
142557	331
318193	332
324700	333
34852	334
55875	335
186181	336
215145	337
216069	338
285927	339
294494	340
322057	341
328234	342
350223	343
384801	344
399861	345
425683	346
435173	347
499286	348
49805	349
145205	350
295316	351
384263	352
447694	353
548092	354
11160	355
493377	356
689249	357
180816	358
430106	359
18602	360
320668	361
787629	362
558315	363
239174	364
140482	365
220203	366
127191	367
476642	368
696661	369
592433	370
73923	371
373080	372
407591	373
612139	374
586922	375
479210	376
535255	377
59067	378
536632	379
173222	380
458465	381
718437	382
770595	383
366102	384
313465	385
829835	386
580455	387
627090	388
339540	389
496933	390
249703	391
39035	392
228188	393
540846	394
546110	395
548948	396
565509	397
583370	398
632596	399
820217	400
567869	401
545508	402
533244	403
680006	404
50724	405
162173	406
203655	407
310390	408
51490	409
152248	410
242343	411
272465	412
393482	413
447067	414
452627	415
471994	416
288283	417
321225	418
45097	419
207306	420
352134	421
122520	422
818449	423
541430	424
530951	425
497570	426
727984	427
146943	428
286663	429
724318	430
101375	431
138806	432
442062	433
491903	434
95264	435
434338	436
646152	437
46408	438
120040	439
287003	440
364021	441
509316	442
443316	443
195782	444
85661	445
151345	446
360378	447
46110	448
78590	449
81738	450
159797	451
168647	452
174410	453
210348	454
241584	455
335265	456
474351	457
156939	458
26866	459
423907	460
509623	461
646155	462
191674	463
328933	464
516848	465
606646	466
550113	467
707398	468
729930	469
262482	470
538675	471
700382	472
832242	473
569279	474
810130	475
776144	476
555607	477
563876	478
637255	479
657895	480
554635	481
588394	482
724323	483
538920	484
775427	485
812167	486
26426	487
239040	488
3148	489
526927	490
24997	491
115068	492
160039	493
200427	494
312154	495
333496	496
365269	497
366173	498
435620	499
135592	500
158643	501
178991	502
567103	503
33458	504
53692	505
69194	506
193760	507
411196	508
181317	509
182656	510
691276	511
274350	512
696283	513
810549	514
535811	515
617303	516
204703	517
153449	518
508979	519
805555	520
610169	521
72580	522
213607	523
228698	524
346924	525
356699	526
428150	527
65177	528
180515	529
366982	530
393371	531
434732	532
64807	533
205008	534
214676	535
341955	536
456388	537
678002	538
800407	539
258789	540
37915	541
279203	542
527859	543
34707	544
624261	545
324753	546
475124	547
246425	548
405840	549
433655	550
137562	551
455808	552
354388	553
245572	554
330245	555
676255	556
273683	557
430782	558
434953	559
122734	560
621693	561
64816	562
243274	563
504191	564
22688	565
175617	566
351615	567
357897	568
474922	569
513705	570
545117	571
622943	572
640676	573
433363	574
270467	575
606745	576
108672	577
366136	578
529965	579
9246	580
46980	581
66887	582
310708	583
431370	584
491302	585
512541	586
175619	587
75230	588
95896	589
122331	590
266378	591
269241	592
282004	593
492617	594
524197	595
205236	596
420874	597
93998	598
232723	599
467674	600
515501	601
107622	602
134722	603
548334	604
798752	605
75746	606
26412	607
30147	608
86479	609
455074	610
502490	611
45814	612
581626	613
25946	614
656960	615
88731	616
764203	617
14581	618
151424	619
821751	620
780002	621
806169	622
12269	623
196462	624
252063	625
570088	626
388801	627
405736	628
11046	629
98104	630
114432	631
345238	632
371678	633
523030	634
27260	635
125035	636
784588	637
537885	638
596696	639
608104	640
711905	641
713981	642
744234	643
666858	644
710937	645
174272	646
600198	647
766988	648
536401	649
698840	650
577271	651
800869	652
620283	653
437411	654
6648	655
752712	656
147966	657
177864	658
820192	659
584385	660
600512	661
653287	662
685342	663
779536	664
620980	665
589244	666
43324	667
590304	668
578837	669
614558	670
641813	671
692350	672
844912	673
614048	674
661254	675
558586	676
528381	677
327388	678
490488	679
260521	680
480723	681
544449	682
735869	683
201718	684
547826	685
39206	686
126642	687
152948	688
190425	689
172288	690
222323	691
242067	692
270272	693
308064	694
313886	695
322183	696
364843	697
379767	698
451125	699
452156	700
493101	701
510712	702
153989	703
233929	704
271513	705
335596	706
335975	707
405379	708
443451	709
459766	710
511356	711
74922	712
77086	713
208313	714
465636	715
182681	716
157191	717
182280	718
8721	719
218154	720
798555	721
723623	722
801810	723
816552	724
828618	725
430799	726
486275	727
703252	728
298860	729
739943	730
336868	731
689961	732
701949	733
794854	734
7832	735
87890	736
55105	737
451841	738
574330	739
491462	740
302383	741
613501	742
247453	743
268108	744
601405	745
475223	746
240898	747
524958	748
138073	749
380398	750
402211	751
403102	752
419999	753
301281	754
557233	755
25704	756
124753	757
202439	758
470086	759
158014	760
558852	761
600909	762
644188	763
731608	764
26579	765
191917	766
501244	767
130452	768
161745	769
269122	770
499566	771
42523	772
54290	773
738843	774
481261	775
67565	776
526762	777
759172	778
326465	779
686721	780
27165	781
750875	782
597162	783
337510	784
470665	785
604052	786
716371	787
737203	788
768834	789
799619	790
59824	791
556084	792
584318	793
841684	794
587552	795
169738	796
347430	797
457194	798
162913	799
417785	800
59406	801
73237	802
79788	803
115233	804
616341	805
217655	806
275350	807
388280	808
397421	809
492274	810
514613	811
232765	812
531977	813
697300	814
781091	815
10268	816
95890	817
140866	818
344165	819
42251	820
62872	821
235726	822
190368	823
89093	824
328462	825
712957	826
199861	827
45109	828
842370	829
36072	830
421117	831
139219	832
458128	833
226288	834
504303	835
460346	836
332032	837
96634	838
311658	839
638426	840
45240	841
151498	842
195410	843
309557	844
335392	845
416597	846
62320	847
837445	848
631142	849
786965	850
360666	851
417639	852
624126	853
737310	854
216733	855
587085	856
341556	857
842602	858
39915	859
474022	860
266806	861
557636	862
685850	863
815385	864
510391	865
242322	866
163629	867
87191	868
74498	869
89746	870
55686	871
529624	872
552371	873
16370	874
236291	875
454576	876
789747	877
145583	878
117118	879
286373	880
399477	881
294059	882
217500	883
271578	884
554081	885
610099	886
787809	887
500917	888
241059	889
570527	890
730062	891
670105	892
722421	893
127429	894
503956	895
5876	896
97169	897
106097	898
237985	899
245022	900
349857	901
207611	902
87912	903
706113	904
58275	905
58508	906
132617	907
132903	908
261003	909
316041	910
498179	911
496490	912
189941	913
208335	914
302933	915
383852	916
454257	917
593741	918
703029	919
770948	920
56295	921
219156	922
334730	923
516698	924
443554	925
545306	926
569695	927
440264	928
209231	929
103444	930
267315	931
310570	932
65183	933
305747	934
80550	935
646020	936
11459	937
101699	938
294925	939
1781	940
17435	941
89235	942
127199	943
216779	944
252785	945
252867	946
261992	947
340544	948
342730	949
357304	950
359006	951
378381	952
394957	953
396417	954
434028	955
479163	956
524765	957
49045	958
132250	959
147557	960
173520	961
218824	962
241700	963
243323	964
288557	965
308350	966
312264	967
400953	968
410148	969
438058	970
472847	971
504313	972
514318	973
515186	974
166982	975
229140	976
205818	977
265031	978
455517	979
643640	980
215796	981
725644	982
767053	983
541607	984
600827	985
529028	986
675146	987
833885	988
817806	989
829086	990
778454	991
102694	992
628839	993
701688	994
204111	995
765067	996
788225	997
44005	998
607601	999
332268	1000
759664	1001
831898	1002
328494	1003
392658	1004
330305	1005
350995	1006
247419	1007
398203	1008
455011	1009
157588	1010
502236	1011
751299	1012
500692	1013
844851	1014
281501	1015
500986	1016
10894	1017
457914	1018
217288	1019
229667	1020
260563	1021
41731	1022
781780	1023
605431	1024
702638	1025
741581	1026
605730	1027
694914	1028
752142	1029
647934	1030
51631	1031
201574	1032
394347	1033
411874	1034
448487	1035
505065	1036
514212	1037
301341	1038
380871	1039
41497	1040
57278	1041
369268	1042
185862	1043
193541	1044
327202	1045
423616	1046
380604	1047
697335	1048
221385	1049
361770	1050
109121	1051
111609	1052
407805	1053
342396	1054
595155	1055
552075	1056
783835	1057
820393	1058
287328	1059
117773	1060
493619	1061
30083	1062
180536	1063
40827	1064
708272	1065
365331	1066
375462	1067
10226	1068
58600	1069
252047	1070
290913	1071
27853	1072
44715	1073
151569	1074
231347	1075
304905	1076
312806	1077
458236	1078
472103	1079
110203	1080
282607	1081
58155	1082
103808	1083
144283	1084
440071	1085
94827	1086
100777	1087
247488	1088
646100	1089
545177	1090
495147	1091
801487	1092
529261	1093
646845	1094
674925	1095
595322	1096
837862	1097
533051	1098
552377	1099
637887	1100
641991	1101
816460	1102
818128	1103
822862	1104
818709	1105
616482	1106
175171	1107
449100	1108
401454	1109
131023	1110
352289	1111
524490	1112
371954	1113
345593	1114
739252	1115
324522	1116
72942	1117
260070	1118
481311	1119
163698	1120
486146	1121
394869	1122
580905	1123
675799	1124
26430	1125
571175	1126
309839	1127
24164	1128
502518	1129
89516	1130
530013	1131
210541	1132
511520	1133
265713	1134
141240	1135
315536	1136
39023	1137
43264	1138
169739	1139
213458	1140
330319	1141
518672	1142
15890	1143
94064	1144
115768	1145
157186	1146
187685	1147
280777	1148
300431	1149
386228	1150
193119	1151
373146	1152
443171	1153
11501	1154
40869	1155
135678	1156
244237	1157
276857	1158
797662	1159
612340	1160
745259	1161
487230	1162
290095	1163
331982	1164
384658	1165
569782	1166
117578	1167
50809	1168
507027	1169
86843	1170
347488	1171
370478	1172
3037	1173
852	1174
92611	1175
202117	1176
277297	1177
313680	1178
407320	1179
514323	1180
87962	1181
95332	1182
347943	1183
64858	1184
163313	1185
14783	1186
286749	1187
306642	1188
306749	1189
341134	1190
451538	1191
454601	1192
727235	1193
743074	1194
577441	1195
315204	1196
697478	1197
612308	1198
354268	1199
43662	1200
56177	1201
476322	1202
652166	1203
592504	1204
348044	1205
21185	1206
485347	1207
586653	1208
632358	1209
557011	1210
796994	1211
759936	1212
759535	1213
774365	1214
500331	1215
166198	1216
584268	1217
604709	1218
293917	1219
621114	1220
834753	1221
111343	1222
659613	1223
776440	1224
782235	1225
539861	1226
749164	1227
836492	1228
532594	1229
613795	1230
738398	1231
762231	1232
555727	1233
636897	1234
756870	1235
686526	1236
50031	1237
625145	1238
734462	1239
646742	1240
711389	1241
758607	1242
664695	1243
617956	1244
230860	1245
45086	1246
214793	1247
128481	1248
582065	1249
741997	1250
49769	1251
87056	1252
493217	1253
148537	1254
218080	1255
588460	1256
821840	1257
827837	1258
98527	1259
568660	1260
495489	1261
96987	1262
288488	1263
639385	1264
102320	1265
550927	1266
799349	1267
765998	1268
144980	1269
327724	1270
354269	1271
166279	1272
188497	1273
417605	1274
767183	1275
292456	1276
364050	1277
24717	1278
150971	1279
189366	1280
220075	1281
379497	1282
462427	1283
38484	1284
366283	1285
158503	1286
438076	1287
119612	1288
41196	1289
358720	1290
555890	1291
783246	1292
484489	1293
279208	1294
596090	1295
728260	1296
331603	1297
402290	1298
435182	1299
150748	1300
176213	1301
707278	1302
2270	1303
337870	1304
491891	1305
131026	1306
376370	1307
425687	1308
451501	1309
318482	1310
162719	1311
190876	1312
245451	1313
241891	1314
6213	1315
571177	1316
658279	1317
368975	1318
748359	1319
592243	1320
762442	1321
796698	1322
835646	1323
733418	1324
581949	1325
788629	1326
581158	1327
644856	1328
276491	1329
458137	1330
622438	1331
395568	1332
383090	1333
626945	1334
739201	1335
747061	1336
753557	1337
805783	1338
678771	1339
611872	1340
562609	1341
721102	1342
568287	1343
706776	1344
810280	1345
446490	1346
1107	1347
606329	1348
93363	1349
470158	1350
543741	1351
672604	1352
587376	1353
616448	1354
86490	1355
358033	1356
576388	1357
717285	1358
287667	1359
752484	1360
527509	1361
112215	1362
314125	1363
148552	1364
258919	1365
19457	1366
36758	1367
334876	1368
571264	1369
535925	1370
182601	1371
267073	1372
267076	1373
360073	1374
379642	1375
410631	1376
463466	1377
446239	1378
520213	1379
70796	1380
467826	1381
111383	1382
573750	1383
789069	1384
62250	1385
164835	1386
723865	1387
632888	1388
684296	1389
686084	1390
764887	1391
824554	1392
685872	1393
1722	1394
48977	1395
69119	1396
355720	1397
768739	1398
125434	1399
334704	1400
292371	1401
309970	1402
422066	1403
7218	1404
71514	1405
103341	1406
168446	1407
317209	1408
87502	1409
183023	1410
299040	1411
395498	1412
422311	1413
80123	1414
89738	1415
250320	1416
271040	1417
275947	1418
293597	1419
364878	1420
539028	1421
622869	1422
759822	1423
770416	1424
169971	1425
293696	1426
298921	1427
56111	1428
70635	1429
94591	1430
103656	1431
108420	1432
110992	1433
144951	1434
151052	1435
172561	1436
262744	1437
267489	1438
273335	1439
291470	1440
306751	1441
309000	1442
343253	1443
416738	1444
451619	1445
507903	1446
5774	1447
87979	1448
94157	1449
322255	1450
330332	1451
357701	1452
405633	1453
504858	1454
321440	1455
471406	1456
108640	1457
144284	1458
215888	1459
488701	1460
503217	1461
362908	1462
256691	1463
444977	1464
257665	1465
372565	1466
496867	1467
209049	1468
19059	1469
117550	1470
253030	1471
258232	1472
365455	1473
370462	1474
419372	1475
110262	1476
142680	1477
511559	1478
427445	1479
132971	1480
367796	1481
65455	1482
375675	1483
376112	1484
175815	1485
497005	1486
381420	1487
42989	1488
66407	1489
211967	1490
334335	1491
390757	1492
505132	1493
565435	1494
592698	1495
656495	1496
352422	1497
92300	1498
449940	1499
337309	1500
9717	1501
66796	1502
437613	1503
182627	1504
635121	1505
149553	1506
537310	1507
604241	1508
592058	1509
594709	1510
225815	1511
745709	1512
420820	1513
192139	1514
145511	1515
391542	1516
394256	1517
462054	1518
182741	1519
244635	1520
204002	1521
355526	1522
509220	1523
683499	1524
388587	1525
714135	1526
9033	1527
99902	1528
270841	1529
282117	1530
290816	1531
494619	1532
510473	1533
408038	1534
456467	1535
17680	1536
724369	1537
556417	1538
565419	1539
566328	1540
319682	1541
514808	1542
45134	1543
219231	1544
360505	1545
276897	1546
162118	1547
14005	1548
16434	1549
30172	1550
38024	1551
53388	1552
65358	1553
65834	1554
66448	1555
80936	1556
121771	1557
140890	1558
144966	1559
149935	1560
155419	1561
156649	1562
217842	1563
260867	1564
292774	1565
311680	1566
335334	1567
364390	1568
368759	1569
484065	1570
25285	1571
56772	1572
205836	1573
222806	1574
327816	1575
335396	1576
344340	1577
393010	1578
500718	1579
151893	1580
482293	1581
366617	1582
524947	1583
456470	1584
276902	1585
17848	1586
68272	1587
286000	1588
116089	1589
64497	1590
322861	1591
452388	1592
495513	1593
522852	1594
526114	1595
533323	1596
585802	1597
585659	1598
10342	1599
70687	1600
353231	1601
382890	1602
203346	1603
76010	1604
663896	1605
620508	1606
28878	1607
28904	1608
80009	1609
86125	1610
108545	1611
118951	1612
127717	1613
357924	1614
430800	1615
335688	1616
5538	1617
133007	1618
354469	1619
283476	1620
523932	1621
308020	1622
181392	1623
316219	1624
515617	1625
210999	1626
603873	1627
25241	1628
113964	1629
338594	1630
325667	1631
69423	1632
172014	1633
28780	1634
286425	1635
384453	1636
295203	1637
496038	1638
180747	1639
827310	1640
175000	1641
23323	1642
276499	1643
315475	1644
761744	1645
353616	1646
544857	1647
94203	1648
168238	1649
545197	1650
660067	1651
544795	1652
667881	1653
333186	1654
531730	1655
717161	1656
772646	1657
557718	1658
628831	1659
79535	1660
96797	1661
94320	1662
125173	1663
372028	1664
728794	1665
816692	1666
51265	1667
399402	1668
465963	1669
619175	1670
627560	1671
658922	1672
689638	1673
709243	1674
355183	1675
26172	1676
457314	1677
740188	1678
588929	1679
598613	1680
693963	1681
712258	1682
719744	1683
803835	1684
805935	1685
818783	1686
772885	1687
666730	1688
239045	1689
616281	1690
490675	1691
837631	1692
387917	1693
224734	1694
304364	1695
312657	1696
39798	1697
189369	1698
383899	1699
184203	1700
64068	1701
572597	1702
559098	1703
482302	1704
183831	1705
65641	1706
357459	1707
324190	1708
487733	1709
503072	1710
138312	1711
38492	1712
204845	1713
168987	1714
209962	1715
223733	1716
391000	1717
437471	1718
427477	1719
628358	1720
637949	1721
720964	1722
691083	1723
734351	1724
785346	1725
811347	1726
599599	1727
109792	1728
445699	1729
481737	1730
439960	1731
5699	1732
78924	1733
496924	1734
239358	1735
527976	1736
99794	1737
111421	1738
172775	1739
372631	1740
817884	1741
734314	1742
289506	1743
439189	1744
456260	1745
193730	1746
757051	1747
175095	1748
423785	1749
202592	1750
499334	1751
364475	1752
404133	1753
10765	1754
186287	1755
319802	1756
376514	1757
375635	1758
480487	1759
95173	1760
229372	1761
236463	1762
507473	1763
83720	1764
111001	1765
755407	1766
324194	1767
529834	1768
365114	1769
517340	1770
557948	1771
203606	1772
236711	1773
385574	1774
502762	1775
526728	1776
5599	1777
55873	1778
219907	1779
353603	1780
426183	1781
450781	1782
484462	1783
524100	1784
525492	1785
332363	1786
361016	1787
89086	1788
318505	1789
88592	1790
298488	1791
365726	1792
258862	1793
435946	1794
364626	1795
162048	1796
57550	1797
344236	1798
388996	1799
462299	1800
462513	1801
474436	1802
155223	1803
14224	1804
119016	1805
139469	1806
184856	1807
193716	1808
201221	1809
242479	1810
268697	1811
426185	1812
429949	1813
457296	1814
475003	1815
504705	1816
514748	1817
109195	1818
276924	1819
296455	1820
513181	1821
517497	1822
60039	1823
75385	1824
199368	1825
391025	1826
480322	1827
330177	1828
33630	1829
679722	1830
814049	1831
18382	1832
88023	1833
231503	1834
597956	1835
577955	1836
710380	1837
463385	1838
832025	1839
682654	1840
268699	1841
147860	1842
382792	1843
139607	1844
328215	1845
425750	1846
629194	1847
650329	1848
704270	1849
710821	1850
826015	1851
830066	1852
564603	1853
558382	1854
563702	1855
573476	1856
777074	1857
843091	1858
577160	1859
760531	1860
617273	1861
441771	1862
805331	1863
825852	1864
265788	1865
7439	1866
184907	1867
410958	1868
174573	1869
102224	1870
300932	1871
344888	1872
252792	1873
294293	1874
492863	1875
16587	1876
33830	1877
96127	1878
248725	1879
253529	1880
308414	1881
351388	1882
356878	1883
388856	1884
416765	1885
492935	1886
510315	1887
23956	1888
18535	1889
54455	1890
123518	1891
142720	1892
156059	1893
162497	1894
251546	1895
334811	1896
473544	1897
191377	1898
45932	1899
58236	1900
190780	1901
826521	1902
334487	1903
827228	1904
186172	1905
627618	1906
435146	1907
731168	1908
679771	1909
319868	1910
530963	1911
617761	1912
797491	1913
684612	1914
821527	1915
564070	1916
31918	1917
143752	1918
237193	1919
305430	1920
817177	1921
240869	1922
253188	1923
322762	1924
474769	1925
293093	1926
809558	1927
746712	1928
118384	1929
129063	1930
255732	1931
340566	1932
345196	1933
364085	1934
426084	1935
253781	1936
105461	1937
159289	1938
179085	1939
206959	1940
341539	1941
413407	1942
449397	1943
522733	1944
119511	1945
217950	1946
33201	1947
118268	1948
145682	1949
332059	1950
180367	1951
186124	1952
191148	1953
279500	1954
75843	1955
593427	1956
67590	1957
396815	1958
676331	1959
691494	1960
48009	1961
198767	1962
526284	1963
211294	1964
84189	1965
338449	1966
317821	1967
421817	1968
421810	1969
568608	1970
30578	1971
381314	1972
641073	1973
605742	1974
626837	1975
752980	1976
440548	1977
527628	1978
628373	1979
744998	1980
708295	1981
845144	1982
824507	1983
173858	1984
537441	1985
721121	1986
289496	1987
578146	1988
800261	1989
72375	1990
175450	1991
681602	1992
645824	1993
812249	1994
316671	1995
566744	1996
720790	1997
727662	1998
591077	1999
786718	2000
103001	2001
628840	2002
666056	2003
671456	2004
740899	2005
763090	2006
586596	2007
774344	2008
690405	2009
733876	2010
766160	2011
248007	2012
340488	2013
73325	2014
761448	2015
588807	2016
162471	2017
840259	2018
34751	2019
119782	2020
168979	2021
225826	2022
321536	2023
352118	2024
433679	2025
519919	2026
298494	2027
261507	2028
498942	2029
25881	2030
104175	2031
401540	2032
380900	2033
434907	2034
442671	2035
290121	2036
266212	2037
74958	2038
382123	2039
401545	2040
500731	2041
235210	2042
417603	2043
82785	2044
82906	2045
93623	2046
106421	2047
129377	2048
167023	2049
184770	2050
202552	2051
234947	2052
262135	2053
286431	2054
290386	2055
333386	2056
410698	2057
442987	2058
452314	2059
467146	2060
502107	2061
517619	2062
44493	2063
103824	2064
192860	2065
199373	2066
212792	2067
222079	2068
347961	2069
397947	2070
401548	2071
406739	2072
433705	2073
472208	2074
304858	2075
467890	2076
248390	2077
443922	2078
647879	2079
93414	2080
33500	2081
795032	2082
535242	2083
554933	2084
592531	2085
592820	2086
601750	2087
621726	2088
627129	2089
641304	2090
700546	2091
814580	2092
9027	2093
57011	2094
84720	2095
284429	2096
399914	2097
451461	2098
306493	2099
450314	2100
670581	2101
165352	2102
21448	2103
171041	2104
758838	2105
401553	2106
399587	2107
22586	2108
48341	2109
54122	2110
74550	2111
90283	2112
115763	2113
132916	2114
134965	2115
145045	2116
158805	2117
195219	2118
213885	2119
245284	2120
249300	2121
268460	2122
286750	2123
293510	2124
340548	2125
392343	2126
394748	2127
510250	2128
54214	2129
64328	2130
157023	2131
175215	2132
183845	2133
300468	2134
396279	2135
455212	2136
443941	2137
298289	2138
232223	2139
139735	2140
290642	2141
734021	2142
348672	2143
382718	2144
648377	2145
542425	2146
639266	2147
665530	2148
673382	2149
700236	2150
709614	2151
813232	2152
838773	2153
839666	2154
839757	2155
788193	2156
210278	2157
441711	2158
46384	2159
496224	2160
648307	2161
815651	2162
797421	2163
494634	2164
803477	2165
66994	2166
190774	2167
163687	2168
251272	2169
80943	2170
454098	2171
155860	2172
160455	2173
50355	2174
46104	2175
169376	2176
182923	2177
425007	2178
110338	2179
5468	2180
379698	2181
45507	2182
191434	2183
232224	2184
347845	2185
484278	2186
107387	2187
563923	2188
610037	2189
652908	2190
14888	2191
547999	2192
58401	2193
73730	2194
88647	2195
108893	2196
109075	2197
127740	2198
158495	2199
647014	2200
653177	2201
272795	2202
297917	2203
336406	2204
358588	2205
370241	2206
403019	2207
411768	2208
794547	2209
474509	2210
164272	2211
272623	2212
346861	2213
52712	2214
48592	2215
52089	2216
129298	2217
505099	2218
698517	2219
703808	2220
784867	2221
606993	2222
783425	2223
409527	2224
379638	2225
96637	2226
429981	2227
514132	2228
726976	2229
547435	2230
87406	2231
145940	2232
20342	2233
39555	2234
52727	2235
103831	2236
393257	2237
64576	2238
77245	2239
104666	2240
144033	2241
149387	2242
389379	2243
519290	2244
80944	2245
196899	2246
231564	2247
129343	2248
347396	2249
422098	2250
811002	2251
586043	2252
593617	2253
813303	2254
741084	2255
729434	2256
653084	2257
641020	2258
648610	2259
353328	2260
733749	2261
579602	2262
63487	2263
222711	2264
376399	2265
390855	2266
132077	2267
98982	2268
200578	2269
201595	2270
481335	2271
492285	2272
479041	2273
221950	2274
249478	2275
508640	2276
569993	2277
800413	2278
817299	2279
713658	2280
733232	2281
51230	2282
579603	2283
842075	2284
581929	2285
611219	2286
543206	2287
663023	2288
66956	2289
201643	2290
215964	2291
227657	2292
367011	2293
110365	2294
303917	2295
152415	2296
144722	2297
176063	2298
448227	2299
815986	2300
465673	2301
751657	2302
43945	2303
243802	2304
509552	2305
649926	2306
661460	2307
759301	2308
811093	2309
839778	2310
584044	2311
574606	2312
715318	2313
822132	2314
838875	2315
490428	2316
49281	2317
362164	2318
425612	2319
689782	2320
142093	2321
292213	2322
297109	2323
303177	2324
311201	2325
337189	2326
360393	2327
413645	2328
438372	2329
459046	2330
476784	2331
522487	2332
142747	2333
248433	2334
380913	2335
24264	2336
8011	2337
476904	2338
530069	2339
277363	2340
679831	2341
800669	2342
17414	2343
470489	2344
318536	2345
3336	2346
3451	2347
16887	2348
57407	2349
72026	2350
76872	2351
89586	2352
112909	2353
115948	2354
131739	2355
131881	2356
155502	2357
175746	2358
193464	2359
221767	2360
235861	2361
246825	2362
267122	2363
274272	2364
282229	2365
294749	2366
299764	2367
321051	2368
337152	2369
337224	2370
347793	2371
391057	2372
416222	2373
424062	2374
429374	2375
436258	2376
436406	2377
466343	2378
474092	2379
480131	2380
482608	2381
491889	2382
497333	2383
501716	2384
517101	2385
56302	2386
74195	2387
99402	2388
131202	2389
152695	2390
161937	2391
199008	2392
219587	2393
226444	2394
243446	2395
268301	2396
271904	2397
300895	2398
311502	2399
317646	2400
322297	2401
348323	2402
351077	2403
386395	2404
394124	2405
402992	2406
451308	2407
454047	2408
506322	2409
196726	2410
311790	2411
366305	2412
387617	2413
434640	2414
471532	2415
511766	2416
75175	2417
20994	2418
150082	2419
233155	2420
412969	2421
233163	2422
401935	2423
328634	2424
336095	2425
499788	2426
76464	2427
209066	2428
49081	2429
232239	2430
687900	2431
669654	2432
6601	2433
370547	2434
488238	2435
20995	2436
26349	2437
157374	2438
201813	2439
422893	2440
442487	2441
509350	2442
728950	2443
398865	2444
48246	2445
51161	2446
216566	2447
76080	2448
146928	2449
268802	2450
300261	2451
356667	2452
400525	2453
412021	2454
490799	2455
92008	2456
30941	2457
86735	2458
100519	2459
131937	2460
132341	2461
141219	2462
190335	2463
227935	2464
315701	2465
329572	2466
353514	2467
356478	2468
398877	2469
164881	2470
298974	2471
336897	2472
384378	2473
419018	2474
69548	2475
298106	2476
329973	2477
494112	2478
262951	2479
279085	2480
380551	2481
493885	2482
489821	2483
614012	2484
787771	2485
773018	2486
70209	2487
315487	2488
350495	2489
387921	2490
435345	2491
440464	2492
475896	2493
508249	2494
514708	2495
127935	2496
595347	2497
321639	2498
393047	2499
802553	2500
320976	2501
545441	2502
572126	2503
652511	2504
253985	2505
356698	2506
291619	2507
5437	2508
108686	2509
92706	2510
298397	2511
298525	2512
320139	2513
633328	2514
316785	2515
720137	2516
545330	2517
783281	2518
837320	2519
568902	2520
597809	2521
616978	2522
617151	2523
617518	2524
642462	2525
745411	2526
753459	2527
768289	2528
787496	2529
113389	2530
258760	2531
418543	2532
446253	2533
49087	2534
684559	2535
736757	2536
552498	2537
600608	2538
658711	2539
803066	2540
834822	2541
774626	2542
425064	2543
4265	2544
394906	2545
397144	2546
6108	2547
144622	2548
385159	2549
130895	2550
161714	2551
468341	2552
533735	2553
834276	2554
465125	2555
259540	2556
349328	2557
128358	2558
271259	2559
425312	2560
476299	2561
798000	2562
529278	2563
340963	2564
440306	2565
826444	2566
246097	2567
421773	2568
509974	2569
241391	2570
413711	2571
199831	2572
161618	2573
357782	2574
672709	2575
480948	2576
613504	2577
519551	2578
836589	2579
220136	2580
766180	2581
803174	2582
776657	2583
841787	2584
261711	2585
594199	2586
605139	2587
632492	2588
643217	2589
735191	2590
763468	2591
145686	2592
376818	2593
460363	2594
236184	2595
257130	2596
681893	2597
191467	2598
248098	2599
269073	2600
646652	2601
730919	2602
814551	2603
669539	2604
545825	2605
617338	2606
677207	2607
678700	2608
799561	2609
530077	2610
844651	2611
645147	2612
826550	2613
711101	2614
253289	2615
455420	2616
756959	2617
704744	2618
532352	2619
696253	2620
706556	2621
235596	2622
804451	2623
249941	2624
649139	2625
217786	2626
339506	2627
813851	2628
29367	2629
660308	2630
290956	2631
342847	2632
385070	2633
109410	2634
397738	2635
758888	2636
140490	2637
171196	2638
103841	2639
483697	2640
17125	2641
472278	2642
248013	2643
57411	2644
145792	2645
197173	2646
204036	2647
205405	2648
321161	2649
473688	2650
143063	2651
322816	2652
294593	2653
779289	2654
747149	2655
22591	2656
191943	2657
247376	2658
341199	2659
330411	2660
483684	2661
780029	2662
739211	2663
659395	2664
828757	2665
799828	2666
804387	2667
325802	2668
182135	2669
489614	2670
472875	2671
772450	2672
822964	2673
259821	2674
636403	2675
371158	2676
122266	2677
296728	2678
158383	2679
209272	2680
140585	2681
346128	2682
223298	2683
481009	2684
484429	2685
252767	2686
841515	2687
255713	2688
504781	2689
447458	2690
480877	2691
82616	2692
238072	2693
257989	2694
273854	2695
718075	2696
558812	2697
626400	2698
713316	2699
655637	2700
598072	2701
652274	2702
559348	2703
723719	2704
239249	2705
246268	2706
237695	2707
324016	2708
335185	2709
314973	2710
386844	2711
391354	2712
447016	2713
691661	2714
272019	2715
80957	2716
215537	2717
190233	2718
670082	2719
233240	2720
623986	2721
331757	2722
311800	2723
25810	2724
292705	2725
785020	2726
817932	2727
161832	2728
174350	2729
80958	2730
734221	2731
595358	2732
550125	2733
40959	2734
169849	2735
192125	2736
234475	2737
280175	2738
302605	2739
242163	2740
300732	2741
332679	2742
48827	2743
279184	2744
498127	2745
73569	2746
262139	2747
279810	2748
203828	2749
572009	2750
684905	2751
697421	2752
779902	2753
820335	2754
653842	2755
723142	2756
732322	2757
609051	2758
534706	2759
655862	2760
815274	2761
286377	2762
354242	2763
294498	2764
450610	2765
169172	2766
262630	2767
515414	2768
253075	2769
303201	2770
381599	2771
766047	2772
436714	2773
293788	2774
357363	2775
825729	2776
12879	2777
202499	2778
508250	2779
771144	2780
43571	2781
73502	2782
706303	2783
236017	2784
505444	2785
125068	2786
170055	2787
410241	2788
442445	2789
179470	2790
18750	2791
29456	2792
34855	2793
283570	2794
345129	2795
81836	2796
169439	2797
87142	2798
57184	2799
238538	2800
343091	2801
811363	2802
496785	2803
111238	2804
563931	2805
73504	2806
83840	2807
585532	2808
133142	2809
196523	2810
215545	2811
126878	2812
272030	2813
569613	2814
469144	2815
60241	2816
17436	2817
27888	2818
210566	2819
579302	2820
691688	2821
346591	2822
579502	2823
386909	2824
624025	2825
794657	2826
425498	2827
792068	2828
831893	2829
640337	2830
607179	2831
746479	2832
563883	2833
612090	2834
828769	2835
563547	2836
580515	2837
709544	2838
824673	2839
726598	2840
452531	2841
659251	2842
674282	2843
707992	2844
730400	2845
760227	2846
797133	2847
547066	2848
588938	2849
18388	2850
26152	2851
491547	2852
104924	2853
495503	2854
648218	2855
744123	2856
809692	2857
777195	2858
573628	2859
440025	2860
797175	2861
661100	2862
818329	2863
586228	2864
815035	2865
668877	2866
22474	2867
417086	2868
194348	2869
213025	2870
80728	2871
595650	2872
664573	2873
831503	2874
532117	2875
652578	2876
687302	2877
691714	2878
81046	2879
308341	2880
377582	2881
653044	2882
776477	2883
841831	2884
653038	2885
729484	2886
388510	2887
399558	2888
687482	2889
754253	2890
209544	2891
265291	2892
641472	2893
63077	2894
112275	2895
116419	2896
120867	2897
171906	2898
180128	2899
319899	2900
415392	2901
495022	2902
317005	2903
85631	2904
207258	2905
529252	2906
548401	2907
563029	2908
606567	2909
617191	2910
633958	2911
757447	2912
546698	2913
598211	2914
173719	2915
752542	2916
475367	2917
373699	2918
97181	2919
44548	2920
686959	2921
820296	2922
77909	2923
374676	2924
464660	2925
31051	2926
164334	2927
363966	2928
787484	2929
544127	2930
551186	2931
568556	2932
829931	2933
841832	2934
548481	2935
605153	2936
815405	2937
621170	2938
235038	2939
778422	2940
477408	2941
65211	2942
5587	2943
14969	2944
32295	2945
87048	2946
102553	2947
111335	2948
125601	2949
168354	2950
188153	2951
336569	2952
393635	2953
463467	2954
477335	2955
489363	2956
400435	2957
477770	2958
762215	2959
279952	2960
292589	2961
743831	2962
80731	2963
80733	2964
743315	2965
815407	2966
597179	2967
69263	2968
779324	2969
554268	2970
679079	2971
465276	2972
498626	2973
595289	2974
231719	2975
577598	2976
616477	2977
145689	2978
358090	2979
811599	2980
19562	2981
56782	2982
483257	2983
776311	2984
633991	2985
163602	2986
738805	2987
375867	2988
677805	2989
106984	2990
400925	2991
461662	2992
544954	2993
777198	2994
803873	2995
714055	2996
657409	2997
710449	2998
761020	2999
532663	3000
580796	3001
751416	3002
766333	3003
528614	3004
843647	3005
733448	3006
708200	3007
233291	3008
310213	3009
450442	3010
518886	3011
34359	3012
796364	3013
727814	3014
754340	3015
766932	3016
343834	3017
681040	3018
221944	3019
337685	3020
91168	3021
402917	3022
104495	3023
190479	3024
446396	3025
78642	3026
79188	3027
190394	3028
188515	3029
296914	3030
332190	3031
509532	3032
417834	3033
39296	3034
309865	3035
357174	3036
440074	3037
89115	3038
472309	3039
333089	3040
776187	3041
763282	3042
359550	3043
373744	3044
494128	3045
647567	3046
359739	3047
369198	3048
524295	3049
515221	3050
527437	3051
494932	3052
29371	3053
703306	3054
645263	3055
707463	3056
718213	3057
837637	3058
696780	3059
691744	3060
785307	3061
613836	3062
657123	3063
573662	3064
783385	3065
647895	3066
711354	3067
697145	3068
587375	3069
653414	3070
703121	3071
829422	3072
728377	3073
754488	3074
808438	3075
758721	3076
845059	3077
626767	3078
620010	3079
681151	3080
698746	3081
756872	3082
800512	3083
650846	3084
661625	3085
726762	3086
531956	3087
623837	3088
702318	3089
532870	3090
599967	3091
584415	3092
710453	3093
720024	3094
793822	3095
627435	3096
728685	3097
703393	3098
802225	3099
21594	3100
574454	3101
711855	3102
739947	3103
575883	3104
685674	3105
729923	3106
731262	3107
754780	3108
808804	3109
755404	3110
621337	3111
638940	3112
774227	3113
685541	3114
804775	3115
637234	3116
431235	3117
3055	3118
8579	3119
67799	3120
77099	3121
86985	3122
143772	3123
166182	3124
263332	3125
265549	3126
383421	3127
437884	3128
75961	3129
92045	3130
109424	3131
485887	3132
681749	3133
774228	3134
533182	3135
551488	3136
582690	3137
747449	3138
644933	3139
179734	3140
268531	3141
693860	3142
549028	3143
550987	3144
612284	3145
705705	3146
799721	3147
732199	3148
8399	3149
37835	3150
69652	3151
122523	3152
131959	3153
172800	3154
417077	3155
465997	3156
523686	3157
401637	3158
504464	3159
81499	3160
296043	3161
345603	3162
230892	3163
48037	3164
136017	3165
339691	3166
393073	3167
217789	3168
605225	3169
626795	3170
628201	3171
567475	3172
573510	3173
660099	3174
719950	3175
21584	3176
25652	3177
54860	3178
248883	3179
255300	3180
321726	3181
334351	3182
436263	3183
240625	3184
221933	3185
55900	3186
238965	3187
523084	3188
551086	3189
557804	3190
572371	3191
573115	3192
644941	3193
753722	3194
834567	3195
619194	3196
623595	3197
626340	3198
704318	3199
729328	3200
811330	3201
555048	3202
634005	3203
756929	3204
783565	3205
420984	3206
420985	3207
247122	3208
464944	3209
323821	3210
253948	3211
481027	3212
435718	3213
330630	3214
430629	3215
506983	3216
353191	3217
589939	3218
419394	3219
27562	3220
107068	3221
351761	3222
88154	3223
294943	3224
243499	3225
159474	3226
410299	3227
390038	3228
493724	3229
837733	3230
646420	3231
759113	3232
26657	3233
29220	3234
76655	3235
241225	3236
264764	3237
406479	3238
436466	3239
154058	3240
111285	3241
458454	3242
22916	3243
152957	3244
184948	3245
293574	3246
425466	3247
500077	3248
329767	3249
498778	3250
517995	3251
486920	3252
606180	3253
557878	3254
644742	3255
224901	3256
791146	3257
839753	3258
459573	3259
59199	3260
662788	3261
563429	3262
627661	3263
648026	3264
560624	3265
648094	3266
829496	3267
536991	3268
779735	3269
823289	3270
586294	3271
602995	3272
4552	3273
37707	3274
42278	3275
62209	3276
113392	3277
117462	3278
190146	3279
214374	3280
227049	3281
229733	3282
242194	3283
275040	3284
282184	3285
313591	3286
316253	3287
348217	3288
392238	3289
405418	3290
426884	3291
447398	3292
465296	3293
495150	3294
52978	3295
56659	3296
75464	3297
78373	3298
155456	3299
207933	3300
275272	3301
283559	3302
292383	3303
310725	3304
410821	3305
475027	3306
92402	3307
321754	3308
323491	3309
66828	3310
492356	3311
510575	3312
131676	3313
192914	3314
526899	3315
27163	3316
116768	3317
154851	3318
370086	3319
1376	3320
782817	3321
697536	3322
221173	3323
778326	3324
225806	3325
263942	3326
406612	3327
645002	3328
496164	3329
535695	3330
17550	3331
172835	3332
188154	3333
206764	3334
513703	3335
8883	3336
190666	3337
518910	3338
797247	3339
6459	3340
144165	3341
177624	3342
344383	3343
141111	3344
30369	3345
778733	3346
190312	3347
356884	3348
573356	3349
189703	3350
361213	3351
384960	3352
450299	3353
456554	3354
647593	3355
351031	3356
379436	3357
594105	3358
527688	3359
393972	3360
407856	3361
437959	3362
66023	3363
735370	3364
772053	3365
802492	3366
606766	3367
15986	3368
464742	3369
732155	3370
12695	3371
492586	3372
603270	3373
750539	3374
540814	3375
593426	3376
568454	3377
621600	3378
708890	3379
42643	3380
778320	3381
379283	3382
543011	3383
461201	3384
86986	3385
510005	3386
368	3387
234453	3388
713996	3389
624907	3390
624969	3391
706592	3392
732693	3393
842700	3394
710599	3395
571223	3396
782883	3397
750572	3398
92415	3399
26363	3400
592405	3401
300339	3402
159346	3403
276124	3404
320684	3405
62345	3406
140354	3407
127998	3408
544426	3409
224045	3410
578054	3411
624520	3412
807345	3413
539517	3414
146500	3415
139452	3416
255795	3417
334764	3418
547699	3419
631289	3420
744519	3421
8963	3422
304916	3423
85141	3424
528597	3425
600144	3426
729712	3427
615837	3428
140511	3429
605204	3430
557097	3431
813257	3432
563055	3433
665044	3434
565731	3435
348507	3436
548346	3437
606655	3438
708409	3439
674188	3440
465611	3441
631625	3442
713454	3443
405260	3444
465054	3445
242287	3446
696658	3447
783014	3448
642764	3449
681746	3450
141427	3451
569630	3452
642742	3453
737774	3454
151107	3455
175049	3456
797870	3457
826709	3458
331736	3459
194367	3460
231815	3461
612585	3462
784356	3463
797896	3464
273354	3465
113460	3466
114505	3467
359809	3468
833222	3469
736702	3470
47417	3471
91166	3472
169336	3473
480691	3474
13243	3475
30033	3476
90650	3477
122946	3478
428256	3479
472370	3480
181062	3481
149847	3482
404233	3483
664100	3484
675927	3485
721884	3486
801427	3487
682189	3488
133216	3489
844432	3490
37292	3491
183517	3492
734039	3493
583035	3494
209945	3495
234745	3496
185621	3497
317709	3498
362368	3499
7377	3500
480514	3501
518913	3502
505985	3503
330883	3504
498935	3505
603562	3506
752988	3507
760865	3508
296016	3509
432963	3510
334137	3511
468102	3512
84813	3513
339121	3514
313184	3515
479157	3516
609017	3517
356278	3518
540990	3519
608364	3520
818511	3521
824397	3522
653356	3523
706264	3524
727683	3525
808177	3526
146666	3527
514623	3528
517179	3529
512624	3530
125464	3531
293275	3532
287228	3533
706514	3534
824339	3535
641801	3536
415741	3537
223104	3538
485107	3539
394174	3540
498208	3541
30589	3542
325884	3543
464098	3544
493364	3545
631332	3546
669946	3547
700707	3548
756957	3549
796352	3550
798419	3551
827196	3552
561026	3553
45190	3554
102269	3555
565364	3556
584129	3557
126551	3558
186750	3559
220076	3560
227376	3561
418006	3562
563989	3563
384696	3564
381475	3565
145025	3566
731381	3567
454746	3568
743089	3569
600009	3570
141128	3571
241067	3572
528232	3573
6338	3574
12687	3575
38155	3576
66943	3577
366642	3578
410967	3579
9732	3580
387876	3581
744583	3582
110568	3583
419448	3584
160399	3585
273191	3586
410767	3587
499883	3588
217647	3589
205434	3590
422134	3591
303057	3592
413031	3593
501985	3594
694436	3595
659675	3596
820074	3597
639803	3598
555787	3599
786503	3600
636458	3601
790777	3602
525490	3603
755443	3604
760888	3605
810080	3606
148835	3607
180914	3608
800425	3609
391380	3610
516187	3611
184267	3612
361851	3613
469673	3614
166245	3615
823180	3616
209103	3617
673490	3618
441611	3619
54574	3620
530529	3621
581757	3622
647266	3623
729727	3624
728979	3625
49557	3626
51941	3627
304243	3628
307912	3629
319724	3630
478744	3631
212818	3632
391845	3633
455319	3634
518020	3635
740315	3636
715499	3637
43390	3638
78353	3639
106000	3640
117851	3641
129934	3642
143174	3643
147014	3644
199133	3645
207314	3646
216715	3647
281230	3648
286838	3649
306670	3650
309501	3651
361515	3652
365873	3653
394516	3654
422438	3655
447547	3656
448569	3657
481486	3658
504973	3659
27681	3660
54387	3661
74401	3662
124486	3663
218850	3664
328314	3665
359451	3666
454751	3667
512453	3668
58995	3669
420932	3670
64945	3671
276072	3672
597683	3673
796380	3674
614944	3675
495114	3676
629496	3677
150295	3678
327555	3679
494348	3680
265216	3681
388572	3682
16553	3683
121580	3684
133938	3685
265042	3686
378710	3687
504491	3688
353974	3689
463638	3690
575013	3691
590233	3692
371910	3693
222683	3694
669089	3695
430880	3696
353840	3697
345261	3698
266385	3699
113299	3700
268356	3701
248573	3702
283909	3703
420964	3704
442679	3705
380223	3706
331672	3707
12188	3708
16944	3709
32035	3710
45788	3711
75228	3712
103985	3713
125564	3714
133403	3715
170842	3716
181533	3717
221379	3718
227924	3719
242884	3720
279454	3721
305177	3722
322190	3723
325903	3724
332197	3725
371650	3726
398789	3727
410941	3728
420958	3729
427165	3730
439445	3731
442048	3732
450119	3733
461865	3734
487507	3735
487828	3736
505553	3737
6857	3738
37626	3739
53749	3740
110823	3741
125825	3742
144589	3743
182578	3744
183894	3745
252584	3746
257220	3747
351767	3748
490261	3749
142853	3750
512032	3751
459920	3752
398182	3753
411618	3754
349631	3755
296668	3756
729973	3757
171987	3758
264162	3759
311810	3760
92442	3761
502600	3762
4171	3763
51204	3764
181917	3765
261199	3766
383213	3767
457327	3768
488667	3769
110586	3770
391600	3771
456570	3772
497358	3773
34383	3774
88827	3775
90143	3776
116081	3777
129563	3778
159808	3779
273783	3780
347658	3781
338768	3782
469891	3783
479053	3784
75736	3785
212546	3786
533471	3787
570005	3788
649082	3789
629094	3790
59376	3791
597821	3792
286996	3793
15708	3794
57283	3795
262534	3796
283067	3797
292614	3798
294501	3799
326617	3800
340903	3801
353471	3802
395189	3803
430026	3804
388873	3805
413762	3806
78712	3807
476627	3808
750745	3809
797604	3810
160794	3811
800287	3812
542848	3813
601881	3814
685793	3815
467026	3816
341023	3817
156462	3818
217424	3819
639825	3820
395348	3821
689521	3822
788281	3823
140869	3824
770319	3825
668908	3826
814499	3827
62020	3828
486759	3829
93487	3830
221801	3831
26533	3832
404246	3833
69564	3834
537431	3835
424632	3836
527692	3837
398325	3838
155048	3839
327860	3840
60399	3841
163727	3842
165062	3843
3864	3844
27596	3845
42384	3846
157884	3847
168968	3848
291628	3849
146713	3850
484121	3851
316838	3852
359183	3853
808505	3854
95068	3855
286705	3856
307115	3857
307973	3858
312231	3859
457888	3860
501094	3861
16802	3862
92448	3863
482410	3864
514672	3865
517015	3866
23657	3867
190449	3868
184004	3869
200258	3870
400470	3871
404334	3872
447979	3873
716434	3874
729991	3875
191692	3876
775360	3877
553625	3878
433975	3879
118743	3880
804760	3881
357325	3882
463994	3883
598263	3884
486511	3885
818977	3886
24938	3887
294271	3888
295411	3889
375108	3890
395517	3891
140033	3892
340660	3893
776853	3894
487005	3895
617516	3896
538056	3897
320575	3898
746782	3899
431359	3900
186738	3901
113965	3902
128075	3903
173115	3904
198491	3905
222108	3906
146598	3907
724477	3908
751740	3909
695085	3910
620962	3911
762775	3912
50976	3913
46798	3914
77566	3915
113958	3916
210691	3917
364299	3918
97251	3919
416964	3920
42209	3921
42551	3922
63412	3923
100446	3924
135506	3925
140389	3926
165479	3927
168724	3928
170827	3929
187443	3930
201958	3931
270527	3932
279835	3933
283584	3934
292263	3935
326224	3936
334577	3937
338030	3938
335383	3939
356219	3940
367368	3941
383777	3942
521325	3943
11822	3944
34173	3945
49947	3946
65411	3947
66199	3948
99815	3949
123780	3950
142869	3951
184897	3952
198198	3953
234084	3954
287231	3955
298309	3956
312898	3957
482417	3958
158336	3959
492325	3960
233483	3961
11824	3962
99816	3963
218854	3964
319269	3965
358118	3966
436774	3967
401698	3968
315932	3969
475232	3970
342224	3971
208539	3972
832133	3973
416566	3974
633837	3975
667268	3976
705592	3977
399954	3978
58579	3979
126833	3980
131445	3981
158857	3982
162521	3983
163528	3984
174051	3985
175347	3986
177776	3987
189404	3988
207847	3989
211039	3990
213024	3991
228227	3992
285494	3993
287798	3994
290564	3995
307514	3996
320693	3997
331880	3998
357236	3999
375159	4000
376438	4001
384914	4002
405528	4003
406898	4004
433639	4005
484823	4006
497573	4007
510975	4008
42076	4009
50072	4010
74452	4011
86155	4012
141739	4013
198209	4014
211234	4015
281236	4016
282879	4017
312010	4018
321863	4019
330964	4020
344406	4021
382519	4022
403921	4023
413065	4024
438397	4025
477964	4026
517019	4027
131329	4028
250685	4029
265660	4030
499924	4031
182870	4032
244402	4033
493657	4034
510708	4035
43653	4036
48889	4037
69711	4038
78635	4039
87516	4040
90038	4041
96259	4042
151335	4043
160914	4044
281435	4045
318598	4046
346542	4047
412758	4048
314299	4049
447584	4050
18767	4051
165123	4052
270488	4053
395274	4054
88512	4055
147489	4056
466752	4057
69990	4058
111429	4059
148675	4060
72853	4061
90632	4062
96438	4063
100348	4064
159420	4065
207218	4066
225619	4067
228744	4068
322461	4069
398920	4070
494691	4071
522679	4072
368831	4073
512124	4074
477640	4075
16636	4076
55062	4077
68327	4078
174408	4079
274871	4080
489685	4081
514452	4082
86746	4083
77080	4084
206430	4085
467018	4086
286530	4087
281694	4088
431071	4089
119119	4090
150634	4091
287494	4092
767609	4093
327401	4094
97795	4095
281238	4096
351263	4097
362070	4098
368086	4099
114953	4100
387240	4101
262636	4102
406440	4103
287649	4104
460617	4105
441111	4106
628311	4107
827809	4108
684261	4109
543520	4110
539150	4111
621363	4112
137122	4113
19350	4114
356013	4115
15372	4116
753219	4117
632646	4118
760909	4119
687347	4120
690544	4121
431332	4122
670677	4123
618425	4124
755383	4125
761251	4126
47037	4127
777858	4128
94107	4129
127169	4130
139557	4131
66212	4132
404815	4133
503626	4134
88239	4135
14741	4136
88243	4137
106640	4138
25476	4139
44884	4140
177761	4141
655156	4142
715944	4143
361024	4144
496052	4145
141892	4146
155908	4147
381320	4148
496000	4149
507092	4150
274326	4151
411253	4152
447181	4153
715572	4154
222023	4155
298009	4156
143078	4157
228392	4158
235277	4159
352	4160
4782	4161
323332	4162
36486	4163
30815	4164
472973	4165
207671	4166
213856	4167
606656	4168
633015	4169
694404	4170
724683	4171
791913	4172
831851	4173
596959	4174
3273	4175
213970	4176
483586	4177
842350	4178
260910	4179
683644	4180
185099	4181
359203	4182
388443	4183
415552	4184
552870	4185
571797	4186
661224	4187
694391	4188
7481	4189
808233	4190
297062	4191
470052	4192
478028	4193
556098	4194
605791	4195
621448	4196
665570	4197
239010	4198
167574	4199
386696	4200
463656	4201
174104	4202
456655	4203
503274	4204
508259	4205
201462	4206
241188	4207
397371	4208
95816	4209
159907	4210
481834	4211
494697	4212
688912	4213
733556	4214
551940	4215
774273	4216
138918	4217
736356	4218
557230	4219
572913	4220
330155	4221
411155	4222
697283	4223
313357	4224
400547	4225
686261	4226
788777	4227
792004	4228
801280	4229
803141	4230
757914	4231
311093	4232
791584	4233
541936	4234
561940	4235
824460	4236
239153	4237
580587	4238
312149	4239
394987	4240
503861	4241
54593	4242
433531	4243
93054	4244
471795	4245
403090	4246
489832	4247
533092	4248
538004	4249
355858	4250
385201	4251
178110	4252
636478	4253
185623	4254
294074	4255
422120	4256
453770	4257
519399	4258
150635	4259
253774	4260
68797	4261
284372	4262
316249	4263
201122	4264
261678	4265
355339	4266
239096	4267
604232	4268
810753	4269
421957	4270
549403	4271
590257	4272
616703	4273
650837	4274
802719	4275
239098	4276
740282	4277
740817	4278
688281	4279
609826	4280
688260	4281
460046	4282
749888	4283
294647	4284
812393	4285
738946	4286
773676	4287
9777	4288
411981	4289
414380	4290
208931	4291
597970	4292
704416	4293
800853	4294
435346	4295
535123	4296
162068	4297
228941	4298
658200	4299
675838	4300
475726	4301
158351	4302
413872	4303
17020	4304
411571	4305
162731	4306
837474	4307
657043	4308
265715	4309
150498	4310
597353	4311
791983	4312
45776	4313
710718	4314
731389	4315
528946	4316
111320	4317
52867	4318
69328	4319
126781	4320
395831	4321
811696	4322
816726	4323
764780	4324
553436	4325
694045	4326
751728	4327
807364	4328
325827	4329
387994	4330
633966	4331
633406	4332
135893	4333
558439	4334
664237	4335
85315	4336
179947	4337
792067	4338
550520	4339
661354	4340
755641	4341
826634	4342
795594	4343
833246	4344
49697	4345
481522	4346
110694	4347
539420	4348
601061	4349
82375	4350
448524	4351
205920	4352
307272	4353
82425	4354
182891	4355
233838	4356
325879	4357
180789	4358
254698	4359
526589	4360
212212	4361
225024	4362
12638	4363
468236	4364
518959	4365
515665	4366
414229	4367
757224	4368
51910	4369
447131	4370
37682	4371
57435	4372
143266	4373
474882	4374
92493	4375
138197	4376
328832	4377
406711	4378
522299	4379
201256	4380
323076	4381
94	4382
128969	4383
189721	4384
327109	4385
344788	4386
423935	4387
88265	4388
90189	4389
510311	4390
39086	4391
291140	4392
46781	4393
468249	4394
269455	4395
163429	4396
136127	4397
15096	4398
100225	4399
184185	4400
756658	4401
736640	4402
124871	4403
601007	4404
4181	4405
805682	4406
238518	4407
257855	4408
530619	4409
542940	4410
620969	4411
673856	4412
777005	4413
815941	4414
767990	4415
789170	4416
841477	4417
161606	4418
491236	4419
645305	4420
795907	4421
534915	4422
615980	4423
759214	4424
824242	4425
674506	4426
656150	4427
165027	4428
510213	4429
785336	4430
184068	4431
409190	4432
562257	4433
595906	4434
820998	4435
586109	4436
412313	4437
477637	4438
30411	4439
213980	4440
339049	4441
507062	4442
8761	4443
611704	4444
84346	4445
161585	4446
733636	4447
692188	4448
24832	4449
528441	4450
485311	4451
677797	4452
41650	4453
831640	4454
87113	4455
600195	4456
699364	4457
187	4458
4671	4459
792330	4460
672724	4461
126334	4462
702389	4463
136330	4464
799592	4465
64723	4466
234110	4467
395178	4468
232052	4469
754617	4470
295453	4471
6922	4472
252156	4473
398997	4474
660736	4475
662720	4476
704858	4477
827738	4478
629508	4479
814759	4480
227789	4481
248894	4482
427176	4483
774712	4484
741241	4485
339152	4486
503122	4487
465596	4488
95542	4489
129124	4490
372854	4491
469901	4492
641843	4493
769449	4494
376087	4495
42659	4496
585058	4497
298797	4498
338852	4499
2624	4500
210971	4501
196293	4502
251649	4503
261755	4504
266033	4505
322366	4506
424218	4507
470968	4508
69201	4509
216642	4510
228480	4511
267285	4512
204956	4513
136438	4514
663438	4515
335452	4516
326341	4517
733477	4518
383891	4519
212832	4520
392847	4521
408902	4522
138209	4523
304920	4524
449212	4525
51741	4526
164390	4527
512260	4528
719481	4529
10912	4530
650313	4531
188298	4532
267113	4533
394873	4534
330157	4535
61865	4536
425638	4537
790496	4538
843486	4539
38186	4540
42884	4541
89041	4542
101879	4543
188473	4544
195428	4545
308849	4546
441462	4547
128578	4548
242528	4549
304011	4550
452742	4551
504424	4552
522398	4553
427844	4554
196294	4555
527154	4556
399594	4557
1432	4558
232073	4559
330519	4560
346134	4561
672823	4562
735723	4563
369183	4564
149235	4565
228171	4566
334760	4567
407024	4568
452548	4569
65437	4570
103906	4571
389740	4572
401767	4573
229317	4574
279819	4575
11091	4576
278663	4577
162382	4578
214756	4579
839470	4580
364487	4581
512298	4582
704525	4583
689750	4584
142987	4585
513597	4586
803232	4587
176052	4588
334918	4589
652979	4590
260236	4591
260512	4592
381066	4593
676656	4594
94481	4595
104710	4596
144917	4597
475233	4598
374828	4599
453095	4600
131112	4601
663408	4602
665973	4603
346748	4604
682420	4605
71025	4606
731158	4607
602840	4608
693251	4609
132849	4610
106589	4611
788968	4612
22157	4613
480482	4614
169920	4615
345987	4616
247370	4617
365563	4618
805735	4619
163297	4620
469445	4621
547086	4622
586840	4623
766200	4624
527051	4625
777922	4626
536830	4627
557893	4628
558564	4629
647247	4630
815931	4631
522490	4632
385911	4633
59005	4634
634606	4635
241864	4636
493920	4637
128340	4638
100581	4639
123019	4640
485420	4641
631345	4642
354363	4643
572648	4644
767157	4645
844212	4646
124496	4647
831393	4648
686116	4649
809889	4650
776071	4651
489914	4652
580965	4653
706642	4654
750204	4655
325365	4656
733042	4657
133958	4658
681323	4659
832788	4660
63794	4661
78335	4662
99080	4663
99346	4664
134594	4665
157445	4666
224235	4667
227303	4668
235413	4669
306081	4670
318275	4671
392329	4672
398897	4673
423166	4674
478596	4675
489656	4676
517223	4677
573291	4678
657041	4679
753473	4680
834598	4681
669846	4682
737747	4683
112629	4684
153121	4685
450645	4686
443125	4687
191101	4688
490356	4689
76739	4690
182323	4691
253248	4692
105163	4693
114394	4694
377470	4695
491155	4696
546406	4697
684907	4698
720454	4699
618760	4700
550096	4701
573552	4702
619949	4703
639720	4704
657971	4705
820597	4706
9877	4707
93537	4708
542172	4709
839559	4710
732250	4711
692793	4712
698087	4713
842547	4714
387290	4715
51004	4716
209982	4717
491124	4718
199610	4719
390043	4720
416515	4721
496566	4722
343204	4723
269478	4724
522773	4725
80813	4726
272399	4727
364574	4728
492334	4729
507366	4730
262140	4731
25088	4732
34856	4733
65584	4734
99379	4735
128082	4736
207799	4737
227336	4738
232405	4739
266325	4740
351026	4741
398340	4742
418018	4743
428658	4744
436715	4745
447846	4746
458770	4747
226656	4748
835191	4749
99949	4750
39223	4751
88544	4752
324411	4753
243808	4754
116057	4755
508240	4756
622929	4757
767819	4758
150811	4759
160153	4760
257259	4761
376993	4762
377382	4763
393716	4764
440425	4765
216823	4766
29694	4767
351858	4768
496906	4769
508024	4770
269613	4771
133567	4772
259722	4773
451217	4774
517636	4775
234123	4776
451740	4777
290886	4778
402015	4779
503185	4780
487584	4781
422763	4782
33437	4783
65104	4784
89390	4785
94597	4786
135087	4787
158218	4788
158972	4789
159776	4790
180598	4791
199157	4792
313141	4793
366131	4794
418291	4795
428252	4796
498562	4797
499297	4798
506193	4799
513863	4800
514464	4801
17201	4802
23632	4803
94119	4804
155972	4805
196063	4806
213837	4807
216949	4808
233715	4809
386471	4810
412333	4811
478703	4812
157137	4813
433750	4814
75050	4815
373400	4816
62672	4817
350146	4818
457615	4819
12661	4820
131738	4821
40980	4822
292154	4823
393816	4824
595608	4825
50367	4826
516660	4827
572246	4828
193441	4829
523283	4830
195103	4831
377854	4832
383942	4833
408907	4834
412747	4835
376082	4836
526392	4837
197656	4838
452813	4839
385629	4840
519080	4841
666307	4842
255743	4843
190977	4844
481114	4845
782450	4846
706111	4847
615549	4848
778304	4849
430449	4850
330594	4851
675643	4852
169943	4853
479666	4854
263562	4855
349547	4856
661561	4857
435727	4858
822285	4859
9906	4860
240785	4861
196397	4862
643343	4863
324920	4864
483693	4865
813957	4866
818569	4867
340995	4868
453798	4869
840319	4870
519410	4871
339289	4872
19676	4873
264454	4874
401258	4875
607784	4876
593321	4877
698863	4878
780773	4879
818016	4880
387338	4881
523865	4882
393733	4883
543584	4884
111464	4885
786297	4886
828902	4887
752919	4888
621233	4889
240180	4890
267958	4891
282768	4892
336221	4893
193442	4894
675127	4895
102443	4896
104218	4897
724904	4898
404937	4899
457998	4900
84964	4901
