7125	0
17209	1
30451	2
37343	3
82975	4
77233	5
80336	6
15298	7
37408	8
9288	9
78305	10
47190	11
39267	12
6619	13
49924	14
23949	15
8818	16
36879	17
60257	18
61684	19
7187	20
36331	21
2784	22
52301	23
57992	24
68549	25
84825	26
6742	27
73697	28
75971	29
47887	30
31002	31
2764	32
3650	33
13094	34
24351	35
10270	36
11332	37
48507	38
72961	39
28469	40
76794	41
83768	42
82062	43
34987	44
11459	45
19287	46
3858	47
74998	48
49769	49
83982	50
39573	51
23701	52
51138	53
38065	54
43417	55
58036	56
58049	57
39883	58
69021	59
428	60
8002	61
14432	62
25187	63
84463	64
30398	65
6450	66
8843	67
46305	68
78208	69
78362	70
7702	71
1084	72
15206	73
16774	74
20909	75
29336	76
30667	77
32262	78
35373	79
56451	80
64779	81
68663	82
74635	83
83958	84
84223	85
87973	86
15792	87
28375	88
37415	89
78462	90
9088	91
16776	92
74906	93
46318	94
60224	95
4416	96
9939	97
21690	98
27823	99
64293	100
81541	101
33947	102
60769	103
67543	104
8786	105
12960	106
18918	107
21380	108
24921	109
29914	110
44769	111
50395	112
50593	113
68818	114
74001	115
82753	116
6994	117
16145	118
16077	119
63958	120
23584	121
25236	122
30628	123
82498	124
54977	125
20834	126
29463	127
64350	128
79608	129
26974	130
81153	131
69458	132
20443	133
1115	134
5907	135
7753	136
64039	137
67604	138
68352	139
77353	140
88179	141
37006	142
59609	143
74673	144
69632	145
7792	146
11859	147
13461	148
13584	149
30200	150
50144	151
56555	152
57789	153
62568	154
71900	155
82691	156
2480	157
10035	158
83059	159
10985	160
41710	161
42316	162
60049	163
61319	164
73861	165
83311	166
31947	167
3232	168
3470	169
67314	170
68974	171
45296	172
10334	173
41502	174
71723	175
74078	176
972	177
2569	178
4209	179
9594	180
16057	181
67921	182
28637	183
76884	184
83199	185
34658	186
30292	187
29888	188
84989	189
18335	190
66754	191
66953	192
69521	193
16654	194
64178	195
1243	196
35930	197
58755	198
36928	199
48991	200
32038	201
77201	202
2788	203
21888	204
41206	205
77341	206
17128	207
26642	208
35140	209
63514	210
85655	211
3135	212
12589	213
9565	214
27206	215
22677	216
13490	217
5550	218
59801	219
789	220
49603	221
13278	222
49930	223
42117	224
2528	225
58441	226
40606	227
33794	228
6068	229
14858	230
42067	231
39533	232
47254	233
22327	234
43407	235
17555	236
30899	237
88750	238
60301	239
22986	240
33824	241
57886	242
34312	243
65146	244
37784	245
42570	246
48578	247
5330	248
6834	249
13017	250
18865	251
19400	252
31495	253
35872	254
68479	255
53488	256
1301	257
60177	258
31377	259
6220	260
7635	261
42185	262
65573	263
87281	264
6522	265
13697	266
21946	267
30539	268
34362	269
39232	270
50951	271
64086	272
70754	273
80529	274
81939	275
83750	276
18107	277
55318	278
76231	279
63549	280
85162	281
85854	282
52393	283
42212	284
83766	285
86699	286
19062	287
78698	288
86329	289
2823	290
62580	291
70715	292
48799	293
25377	294
15234	295
9537	296
12248	297
40658	298
46103	299
33397	300
80032	301
35534	302
65761	303
2468	304
23172	305
16740	306
70396	307
21350	308
85658	309
60321	310
3709	311
3193	312
33143	313
34308	314
41169	315
54072	316
69560	317
75535	318
49933	319
17379	320
45215	321
61981	322
79741	323
49409	324
600	325
18603	326
8179	327
71754	328
248	329
18324	330
19151	331
21280	332
22152	333
31406	334
47714	335
52633	336
53095	337
61557	338
62521	339
70072	340
78324	341
79376	342
34015	343
65606	344
82147	345
9050	346
49604	347
40043	348
72132	349
78609	350
31580	351
72133	352
29838	353
51713	354
55953	355
74395	356
3104	357
69960	358
51282	359
7994	360
25040	361
31401	362
19653	363
77741	364
51530	365
64805	366
84613	367
7891	368
17169	369
4751	370
44925	371
66922	372
53985	373
38681	374
5432	375
1621	376
11608	377
24936	378
83103	379
13649	380
16506	381
21187	382
34480	383
34513	384
35264	385
35462	386
48084	387
63041	388
67213	389
68250	390
75452	391
76546	392
4972	393
18110	394
22717	395
66789	396
18111	397
71963	398
49813	399
16118	400
27942	401
51011	402
66806	403
68724	404
51039	405
51040	406
54751	407
28608	408
10045	409
16187	410
83304	411
45097	412
61364	413
53782	414
72135	415
18292	416
33805	417
38522	418
69555	419
87330	420
73412	421
66420	422
77543	423
60105	424
24327	425
27965	426
51032	427
69678	428
16056	429
54685	430
57477	431
5433	432
20232	433
36458	434
43537	435
16139	436
83276	437
2559	438
22041	439
67452	440
22082	441
20493	442
13802	443
65671	444
36828	445
80622	446
54271	447
60198	448
77093	449
42	450
52634	451
53203	452
22180	453
66091	454
40368	455
30114	456
11477	457
46245	458
61362	459
72803	460
75022	461
15761	462
16551	463
18112	464
46382	465
15305	466
18938	467
18961	468
86627	469
48210	470
78464	471
73516	472
47541	473
72962	474
9688	475
20523	476
40936	477
27824	478
35069	479
35353	480
65583	481
72717	482
80791	483
83629	484
46474	485
43913	486
47540	487
61826	488
76479	489
60615	490
15121	491
17340	492
44224	493
14384	494
39404	495
62215	496
8559	497
19858	498
43751	499
76545	500
81400	501
84981	502
85471	503
21582	504
28723	505
52152	506
65506	507
42585	508
11186	509
24919	510
33613	511
73940	512
76115	513
20096	514
76774	515
37577	516
29654	517
82786	518
9192	519
62304	520
3018	521
78439	522
2824	523
51921	524
67857	525
23413	526
75015	527
59891	528
52636	529
15943	530
17353	531
34736	532
6241	533
6717	534
21544	535
35819	536
65722	537
85859	538
87483	539
80840	540
58338	541
3389	542
16887	543
20132	544
79283	545
44621	546
77342	547
4155	548
7631	549
28717	550
29041	551
29306	552
29805	553
40367	554
64763	555
71414	556
75390	557
77382	558
77437	559
41661	560
52025	561
52284	562
37644	563
10792	564
26726	565
88459	566
21578	567
42381	568
56711	569
36665	570
42422	571
87169	572
44659	573
43790	574
77501	575
12222	576
80841	577
51647	578
85487	579
25718	580
37540	581
62914	582
50408	583
13779	584
87754	585
2892	586
51676	587
23869	588
25149	589
32326	590
80254	591
87713	592
28379	593
30117	594
16451	595
36083	596
67039	597
47624	598
68559	599
6423	600
29936	601
40682	602
49683	603
57330	604
62812	605
73944	606
52100	607
7331	608
7868	609
54284	610
8983	611
12459	612
15938	613
33919	614
37583	615
56970	616
58552	617
23420	618
25441	619
29658	620
37086	621
75370	622
16121	623
63147	624
26113	625
8123	626
13887	627
69406	628
8243	629
9744	630
40496	631
66271	632
28002	633
41210	634
6594	635
40188	636
727	637
32982	638
79143	639
77041	640
10826	641
74094	642
79256	643
51278	644
71657	645
8116	646
25977	647
26396	648
29143	649
29285	650
30454	651
44091	652
65936	653
71394	654
21221	655
11782	656
40272	657
51768	658
82048	659
9253	660
3052	661
4171	662
6315	663
6818	664
23477	665
26960	666
37681	667
49177	668
49864	669
49862	670
50067	671
59573	672
69533	673
69719	674
80033	675
2606	676
20155	677
48273	678
72291	679
8542	680
14386	681
41211	682
27054	683
13325	684
86138	685
36062	686
26406	687
13385	688
67333	689
7356	690
16116	691
55587	692
49963	693
79008	694
19443	695
33891	696
7829	697
74321	698
8314	699
24346	700
54907	701
140	702
11870	703
36607	704
39609	705
61185	706
72475	707
3868	708
45409	709
37881	710
81340	711
836	712
62395	713
9181	714
13549	715
16663	716
18596	717
26191	718
28370	719
37636	720
44182	721
60522	722
65983	723
66417	724
70402	725
77454	726
77464	727
82760	728
83082	729
84032	730
3503	731
5077	732
5109	733
16097	734
36162	735
40548	736
17999	737
29748	738
41581	739
50741	740
57743	741
30567	742
15307	743
31628	744
30045	745
27627	746
84271	747
74417	748
55047	749
67818	750
71885	751
12285	752
21370	753
13668	754
59015	755
67555	756
54089	757
62410	758
76019	759
68487	760
87662	761
13493	762
86161	763
6248	764
1846	765
47265	766
8716	767
60717	768
6671	769
15123	770
15491	771
30679	772
50848	773
51770	774
57588	775
44443	776
47635	777
79232	778
17047	779
6468	780
13635	781
18823	782
28683	783
31563	784
34941	785
58562	786
59858	787
64419	788
76094	789
76356	790
83227	791
78472	792
58561	793
4310	794
22314	795
84627	796
41733	797
7703	798
34286	799
34791	800
43196	801
55169	802
75586	803
77803	804
11381	805
4075	806
43588	807
11250	808
9055	809
32771	810
50883	811
77125	812
84083	813
14238	814
79963	815
12010	816
24174	817
37741	818
86105	819
61640	820
25315	821
10066	822
3839	823
38201	824
46961	825
3450	826
4767	827
4970	828
8218	829
12180	830
13233	831
15602	832
17318	833
19078	834
29721	835
40664	836
45864	837
47919	838
53796	839
62665	840
83096	841
85183	842
88318	843
19426	844
67748	845
71349	846
8095	847
8422	848
66231	849
79909	850
20494	851
44315	852
86173	853
8258	854
59973	855
74424	856
41867	857
22104	858
4726	859
9923	860
25167	861
10227	862
28126	863
68831	864
79003	865
11920	866
14129	867
22359	868
47968	869
58546	870
78583	871
11720	872
11722	873
72308	874
6249	875
85454	876
60355	877
1308	878
45422	879
87639	880
2427	881
39586	882
8563	883
14990	884
52027	885
64106	886
70940	887
88472	888
36159	889
66422	890
69119	891
5455	892
85507	893
65716	894
2786	895
76784	896
32638	897
68286	898
25963	899
58460	900
45362	901
61605	902
39803	903
12576	904
30570	905
41017	906
39406	907
83299	908
87061	909
17523	910
12256	911
54101	912
80284	913
24988	914
323	915
13536	916
60089	917
57273	918
80539	919
82495	920
88160	921
17132	922
67168	923
6918	924
54093	925
1225	926
3329	927
7439	928
24695	929
37550	930
47851	931
54035	932
55128	933
59640	934
62097	935
62095	936
79505	937
82808	938
32015	939
49935	940
74706	941
75281	942
81148	943
11894	944
14672	945
19593	946
21168	947
36762	948
39497	949
45425	950
19685	951
73886	952
2721	953
76041	954
54735	955
72610	956
21545	957
25116	958
85144	959
52318	960
85877	961
3145	962
3333	963
7989	964
9037	965
16415	966
16732	967
16754	968
19929	969
22051	970
22936	971
30642	972
32884	973
33443	974
36673	975
37100	976
46698	977
47221	978
49648	979
50202	980
53020	981
53921	982
54537	983
55781	984
58550	985
62079	986
64578	987
70144	988
72107	989
76613	990
78959	991
80117	992
85189	993
86360	994
10990	995
21302	996
21648	997
25964	998
30378	999
32121	1000
32524	1001
35547	1002
36780	1003
37132	1004
44067	1005
44331	1006
48485	1007
50022	1008
57382	1009
72080	1010
79150	1011
80673	1012
85197	1013
77468	1014
84492	1015
4760	1016
7870	1017
18135	1018
28530	1019
30757	1020
62889	1021
73594	1022
2127	1023
15132	1024
34491	1025
66439	1026
21439	1027
57919	1028
32541	1029
35597	1030
60707	1031
76426	1032
8718	1033
22573	1034
74	1035
65961	1036
66755	1037
81669	1038
39499	1039
84253	1040
70957	1041
47771	1042
49936	1043
33731	1044
17984	1045
1651	1046
12591	1047
49654	1048
69882	1049
29667	1050
20744	1051
21517	1052
27190	1053
2630	1054
18563	1055
3984	1056
80927	1057
9092	1058
29599	1059
18139	1060
69073	1061
1848	1062
62248	1063
21209	1064
6877	1065
35507	1066
45008	1067
14917	1068
16841	1069
48003	1070
54504	1071
68148	1072
17763	1073
25064	1074
29263	1075
1006	1076
74830	1077
45907	1078
84595	1079
41584	1080
33104	1081
73939	1082
17450	1083
59777	1084
10456	1085
38683	1086
80657	1087
66818	1088
20271	1089
65815	1090
43311	1091
82173	1092
34106	1093
78721	1094
27101	1095
60514	1096
18711	1097
9732	1098
70449	1099
78084	1100
29996	1101
4846	1102
59854	1103
80034	1104
86198	1105
1713	1106
13251	1107
16170	1108
25042	1109
45250	1110
48388	1111
51831	1112
52076	1113
52134	1114
52202	1115
52611	1116
72697	1117
80074	1118
84754	1119
38210	1120
40550	1121
66495	1122
73449	1123
78479	1124
10074	1125
9788	1126
16744	1127
62098	1128
72816	1129
86698	1130
16686	1131
3879	1132
38429	1133
19134	1134
9936	1135
3044	1136
28758	1137
52208	1138
57080	1139
45658	1140
34840	1141
11669	1142
12448	1143
30758	1144
58787	1145
80485	1146
37140	1147
48981	1148
2717	1149
11649	1150
45110	1151
43034	1152
63373	1153
72730	1154
87782	1155
26912	1156
11641	1157
56065	1158
2495	1159
56207	1160
15328	1161
86585	1162
31074	1163
86462	1164
74447	1165
32414	1166
41585	1167
49476	1168
66701	1169
57384	1170
21625	1171
40878	1172
3505	1173
32013	1174
35286	1175
22862	1176
77379	1177
5972	1178
52155	1179
67359	1180
44388	1181
24031	1182
36958	1183
71580	1184
71350	1185
84817	1186
71038	1187
19047	1188
26302	1189
25574	1190
39240	1191
48540	1192
57715	1193
71039	1194
80948	1195
40501	1196
46504	1197
57568	1198
66006	1199
16497	1200
79658	1201
82968	1202
565	1203
48047	1204
79392	1205
29889	1206
45010	1207
55604	1208
14133	1209
47542	1210
54702	1211
57883	1212
26965	1213
27776	1214
34892	1215
61628	1216
83291	1217
2950	1218
18462	1219
49199	1220
50071	1221
53591	1222
75128	1223
75213	1224
78330	1225
51044	1226
61920	1227
43986	1228
6709	1229
7154	1230
11064	1231
19133	1232
20235	1233
38120	1234
38641	1235
43858	1236
46155	1237
48186	1238
69774	1239
71857	1240
74303	1241
6254	1242
25136	1243
14954	1244
24143	1245
30572	1246
44024	1247
235	1248
4021	1249
12148	1250
26047	1251
72974	1252
15408	1253
35042	1254
50344	1255
63429	1256
54841	1257
10339	1258
39660	1259
2282	1260
11190	1261
80440	1262
78396	1263
68961	1264
23956	1265
40530	1266
68289	1267
40133	1268
64074	1269
47500	1270
83220	1271
10079	1272
35524	1273
37270	1274
41696	1275
14948	1276
40236	1277
61739	1278
36869	1279
8094	1280
30434	1281
47076	1282
47666	1283
65942	1284
13733	1285
31517	1286
63610	1287
24388	1288
31302	1289
8631	1290
16921	1291
9730	1292
11353	1293
12425	1294
19622	1295
31524	1296
56180	1297
57168	1298
65016	1299
38034	1300
4616	1301
5306	1302
39614	1303
61608	1304
42070	1305
20500	1306
7691	1307
10673	1308
11954	1309
28382	1310
33441	1311
35962	1312
39744	1313
45163	1314
48219	1315
49340	1316
51993	1317
59491	1318
67621	1319
73771	1320
79451	1321
35598	1322
22921	1323
22944	1324
36316	1325
71597	1326
84311	1327
31315	1328
81966	1329
62151	1330
41479	1331
40566	1332
16142	1333
31867	1334
55492	1335
62689	1336
84214	1337
1453	1338
2965	1339
27657	1340
22509	1341
31591	1342
34827	1343
48087	1344
50399	1345
22364	1346
31560	1347
80709	1348
40708	1349
15092	1350
33169	1351
19917	1352
71640	1353
25480	1354
58456	1355
18613	1356
20671	1357
13085	1358
63991	1359
41032	1360
48480	1361
24347	1362
88534	1363
71263	1364
27124	1365
42998	1366
25735	1367
30438	1368
54132	1369
76503	1370
84659	1371
27487	1372
54962	1373
15707	1374
56184	1375
59479	1376
29016	1377
18308	1378
69122	1379
11865	1380
13034	1381
49729	1382
13091	1383
49939	1384
840	1385
73413	1386
40574	1387
55753	1388
17089	1389
24176	1390
54486	1391
60259	1392
73410	1393
5161	1394
50727	1395
22024	1396
4220	1397
63027	1398
39639	1399
2957	1400
3566	1401
13241	1402
15473	1403
16149	1404
19978	1405
44103	1406
67684	1407
73999	1408
74872	1409
82385	1410
83692	1411
47718	1412
56540	1413
60238	1414
66923	1415
52696	1416
4058	1417
1498	1418
65412	1419
33819	1420
50451	1421
73497	1422
5457	1423
31480	1424
66218	1425
5742	1426
86126	1427
72862	1428
66241	1429
76365	1430
1075	1431
6007	1432
18776	1433
51149	1434
51771	1435
68118	1436
75938	1437
74226	1438
8157	1439
15941	1440
25458	1441
28748	1442
82257	1443
30086	1444
56108	1445
6948	1446
19217	1447
17369	1448
22816	1449
51115	1450
54993	1451
64397	1452
29908	1453
10326	1454
28718	1455
58484	1456
64046	1457
68215	1458
12772	1459
68222	1460
21678	1461
21689	1462
38093	1463
54010	1464
65862	1465
82948	1466
68424	1467
518	1468
8691	1469
11315	1470
12025	1471
31326	1472
54963	1473
60019	1474
63625	1475
65867	1476
75534	1477
79989	1478
83169	1479
7009	1480
16460	1481
30944	1482
32666	1483
47387	1484
52104	1485
58706	1486
61885	1487
62508	1488
80917	1489
85886	1490
66497	1491
38222	1492
16555	1493
14756	1494
20496	1495
76673	1496
74456	1497
520	1498
15100	1499
70703	1500
84833	1501
75599	1502
17241	1503
51404	1504
2326	1505
58430	1506
59804	1507
34829	1508
71992	1509
85529	1510
86116	1511
53329	1512
76890	1513
34202	1514
28072	1515
31150	1516
40433	1517
57714	1518
61197	1519
70392	1520
88418	1521
23433	1522
37120	1523
1324	1524
9385	1525
57632	1526
86656	1527
71781	1528
30152	1529
65512	1530
84392	1531
25847	1532
68239	1533
68380	1534
83780	1535
18434	1536
76118	1537
77050	1538
86140	1539
79235	1540
19756	1541
79302	1542
2038	1543
26408	1544
22040	1545
11134	1546
49733	1547
40959	1548
41347	1549
71355	1550
81206	1551
26173	1552
27914	1553
59866	1554
64990	1555
72856	1556
42144	1557
66172	1558
75079	1559
33390	1560
55265	1561
49797	1562
2542	1563
22270	1564
12457	1565
31440	1566
53962	1567
40504	1568
14714	1569
50646	1570
80675	1571
25104	1572
32077	1573
32833	1574
53051	1575
72985	1576
73947	1577
80439	1578
84755	1579
32910	1580
57386	1581
30551	1582
87555	1583
30552	1584
65155	1585
59638	1586
65452	1587
72339	1588
66473	1589
47120	1590
28130	1591
57387	1592
66276	1593
85545	1594
40390	1595
40174	1596
26750	1597
61278	1598
41656	1599
66676	1600
56211	1601
63497	1602
6258	1603
57490	1604
70532	1605
49625	1606
7944	1607
37288	1608
50401	1609
70846	1610
80274	1611
41639	1612
10087	1613
60061	1614
2643	1615
6389	1616
7919	1617
16444	1618
16753	1619
16967	1620
25012	1621
37927	1622
39000	1623
52013	1624
52827	1625
52934	1626
55121	1627
57740	1628
59059	1629
70939	1630
71198	1631
75350	1632
78796	1633
79462	1634
83675	1635
7647	1636
13949	1637
36781	1638
41222	1639
50647	1640
55327	1641
57745	1642
63162	1643
70676	1644
71793	1645
72986	1646
45875	1647
73424	1648
15840	1649
71994	1650
71672	1651
86287	1652
4090	1653
16189	1654
34420	1655
24462	1656
25338	1657
43809	1658
44898	1659
64318	1660
69032	1661
17674	1662
72781	1663
28044	1664
55494	1665
51678	1666
63562	1667
79065	1668
7677	1669
82792	1670
8920	1671
14323	1672
23283	1673
29951	1674
55235	1675
59931	1676
81749	1677
82503	1678
51093	1679
6198	1680
34072	1681
50323	1682
65306	1683
59012	1684
44216	1685
71043	1686
21555	1687
53752	1688
63590	1689
15140	1690
38528	1691
78314	1692
11196	1693
83288	1694
83306	1695
83371	1696
56736	1697
83101	1698
63115	1699
11536	1700
12015	1701
48211	1702
65449	1703
87773	1704
983	1705
54074	1706
60861	1707
1751	1708
25841	1709
46094	1710
83731	1711
63444	1712
12897	1713
31213	1714
73100	1715
1958	1716
32126	1717
18325	1718
27810	1719
51029	1720
80473	1721
11456	1722
83838	1723
9774	1724
17948	1725
30097	1726
39925	1727
48982	1728
2710	1729
7155	1730
11984	1731
24543	1732
61034	1733
73747	1734
75956	1735
45089	1736
17357	1737
60525	1738
39714	1739
17370	1740
7141	1741
12296	1742
1679	1743
18614	1744
24432	1745
51162	1746
54487	1747
59599	1748
71651	1749
61513	1750
41677	1751
84790	1752
38557	1753
55004	1754
3235	1755
1138	1756
7925	1757
19307	1758
78246	1759
3677	1760
43188	1761
50465	1762
60835	1763
76442	1764
53614	1765
20966	1766
34197	1767
52427	1768
60838	1769
85562	1770
65948	1771
57920	1772
17030	1773
64509	1774
78932	1775
55059	1776
73684	1777
55568	1778
2367	1779
5754	1780
28112	1781
66259	1782
2556	1783
43684	1784
54872	1785
57152	1786
65408	1787
32741	1788
14760	1789
68110	1790
30602	1791
60722	1792
2958	1793
1892	1794
49546	1795
62519	1796
57786	1797
88342	1798
79897	1799
954	1800
86877	1801
33663	1802
30888	1803
75656	1804
69084	1805
46609	1806
52766	1807
80329	1808
81935	1809
22229	1810
30910	1811
54656	1812
8317	1813
81070	1814
960	1815
25424	1816
34020	1817
28569	1818
30317	1819
34843	1820
38597	1821
45662	1822
49186	1823
58874	1824
69320	1825
82563	1826
70627	1827
2880	1828
85143	1829
69306	1830
8202	1831
34574	1832
51205	1833
64552	1834
21910	1835
63554	1836
88335	1837
31853	1838
66768	1839
28436	1840
6559	1841
14970	1842
15843	1843
39451	1844
54611	1845
66964	1846
66961	1847
77237	1848
87189	1849
71876	1850
83840	1851
13962	1852
27593	1853
65795	1854
74469	1855
19201	1856
46610	1857
40742	1858
34925	1859
68199	1860
56606	1861
23511	1862
39044	1863
45896	1864
218	1865
19581	1866
33551	1867
42721	1868
42905	1869
71599	1870
71276	1871
66552	1872
85004	1873
56607	1874
2108	1875
43637	1876
88147	1877
76108	1878
7962	1879
34275	1880
39826	1881
85438	1882
35183	1883
1155	1884
9438	1885
65964	1886
73397	1887
85112	1888
19663	1889
80602	1890
41815	1891
38447	1892
26180	1893
62673	1894
65051	1895
85122	1896
71450	1897
72749	1898
5598	1899
9197	1900
17330	1901
22607	1902
23318	1903
23720	1904
27582	1905
33026	1906
36098	1907
40333	1908
40666	1909
43792	1910
46839	1911
59729	1912
65345	1913
85995	1914
22275	1915
32669	1916
41739	1917
85701	1918
37643	1919
63149	1920
17333	1921
10092	1922
26028	1923
84507	1924
30537	1925
37356	1926
26420	1927
32798	1928
43980	1929
80906	1930
895	1931
65664	1932
22516	1933
3726	1934
29454	1935
54699	1936
59315	1937
62590	1938
43636	1939
12326	1940
75618	1941
47215	1942
34510	1943
70895	1944
70917	1945
78977	1946
38622	1947
33346	1948
81087	1949
69871	1950
69897	1951
3129	1952
9332	1953
26721	1954
43613	1955
43042	1956
84791	1957
3812	1958
31936	1959
64780	1960
4785	1961
11489	1962
13644	1963
19031	1964
88725	1965
82561	1966
49722	1967
27994	1968
50931	1969
4533	1970
12709	1971
33053	1972
37305	1973
42430	1974
45750	1975
46336	1976
49033	1977
59897	1978
22276	1979
25643	1980
41224	1981
46514	1982
7232	1983
26084	1984
83947	1985
4338	1986
7565	1987
9586	1988
17090	1989
49399	1990
55791	1991
65144	1992
85517	1993
68161	1994
86127	1995
45625	1996
76726	1997
84960	1998
73330	1999
87201	2000
65531	2001
82272	2002
45831	2003
36047	2004
192	2005
56920	2006
88524	2007
17951	2008
68201	2009
45187	2010
47337	2011
41323	2012
2288	2013
39307	2014
72009	2015
41176	2016
9956	2017
73894	2018
8720	2019
78006	2020
51312	2021
36601	2022
57304	2023
41887	2024
39132	2025
55420	2026
58	2027
8779	2028
55579	2029
17538	2030
32495	2031
17249	2032
51260	2033
17987	2034
12331	2035
43640	2036
1277	2037
56350	2038
9618	2039
19786	2040
23322	2041
33184	2042
34348	2043
55495	2044
56260	2045
68584	2046
88324	2047
54304	2048
41919	2049
60823	2050
55961	2051
60511	2052
41740	2053
58005	2054
18539	2055
16738	2056
18009	2057
25462	2058
34846	2059
85892	2060
50772	2061
14844	2062
26147	2063
55664	2064
74779	2065
69959	2066
31514	2067
54223	2068
14245	2069
39809	2070
62184	2071
24002	2072
41046	2073
3495	2074
729	2075
45469	2076
8033	2077
87411	2078
41053	2079
46426	2080
70318	2081
5005	2082
72057	2083
28619	2084
49069	2085
20069	2086
12966	2087
16015	2088
22821	2089
14667	2090
76606	2091
59704	2092
69514	2093
34021	2094
36726	2095
51171	2096
72736	2097
73019	2098
57948	2099
44168	2100
44058	2101
72011	2102
58505	2103
37512	2104
81233	2105
60730	2106
34899	2107
37883	2108
31275	2109
81311	2110
24070	2111
53619	2112
84819	2113
7129	2114
43038	2115
6531	2116
31718	2117
14247	2118
12257	2119
19439	2120
84508	2121
31300	2122
40284	2123
65204	2124
40654	2125
85629	2126
1328	2127
17017	2128
62413	2129
65312	2130
65970	2131
55063	2132
37701	2133
86030	2134
64447	2135
5253	2136
35175	2137
67464	2138
67465	2139
22814	2140
27825	2141
77549	2142
1212	2143
59589	2144
219	2145
20407	2146
58078	2147
64291	2148
66002	2149
30873	2150
11733	2151
38153	2152
79734	2153
58437	2154
32968	2155
75242	2156
45391	2157
33237	2158
22278	2159
63718	2160
18255	2161
68575	2162
83656	2163
7257	2164
52209	2165
1157	2166
9902	2167
54693	2168
6138	2169
12094	2170
15746	2171
20763	2172
26840	2173
29122	2174
31917	2175
32032	2176
35896	2177
46278	2178
74367	2179
75838	2180
86166	2181
2899	2182
14436	2183
17018	2184
40450	2185
57392	2186
58687	2187
5113	2188
52088	2189
85346	2190
48962	2191
15845	2192
42205	2193
52367	2194
6477	2195
6910	2196
18349	2197
19478	2198
19589	2199
23198	2200
24583	2201
35505	2202
37105	2203
43937	2204
50860	2205
59860	2206
62866	2207
63079	2208
69808	2209
80023	2210
66061	2211
66451	2212
24599	2213
72665	2214
69680	2215
12697	2216
71590	2217
586	2218
1390	2219
13101	2220
14859	2221
16884	2222
18962	2223
25677	2224
26043	2225
29300	2226
33282	2227
33329	2228
37036	2229
41387	2230
46460	2231
49037	2232
53122	2233
60885	2234
63092	2235
73504	2236
79258	2237
79581	2238
85412	2239
87642	2240
87660	2241
25328	2242
32209	2243
34429	2244
64555	2245
67540	2246
72863	2247
77395	2248
87509	2249
10853	2250
44338	2251
12291	2252
15725	2253
14765	2254
18160	2255
15374	2256
9958	2257
15748	2258
52659	2259
34918	2260
35342	2261
11104	2262
17138	2263
20872	2264
22631	2265
33627	2266
33700	2267
39027	2268
40301	2269
42505	2270
81786	2271
82463	2272
87826	2273
39215	2274
40032	2275
79170	2276
30290	2277
18053	2278
33037	2279
22021	2280
54617	2281
52865	2282
26354	2283
62917	2284
4393	2285
48883	2286
87870	2287
12068	2288
60330	2289
5471	2290
24020	2291
22769	2292
667	2293
21796	2294
21680	2295
39624	2296
69934	2297
50159	2298
37831	2299
19664	2300
60637	2301
4514	2302
6692	2303
6900	2304
8896	2305
9393	2306
14345	2307
18643	2308
18818	2309
19246	2310
21325	2311
28738	2312
30893	2313
40444	2314
40588	2315
43680	2316
55822	2317
57323	2318
58993	2319
61523	2320
62533	2321
63700	2322
63748	2323
66096	2324
69189	2325
76070	2326
87151	2327
9120	2328
50004	2329
81628	2330
77825	2331
2083	2332
54794	2333
47773	2334
77225	2335
80127	2336
1825	2337
2277	2338
29761	2339
30074	2340
2148	2341
66528	2342
6310	2343
6883	2344
11963	2345
17697	2346
56009	2347
81666	2348
35734	2349
29002	2350
15256	2351
48768	2352
7384	2353
77631	2354
12493	2355
24577	2356
45281	2357
61222	2358
70331	2359
18442	2360
19040	2361
19509	2362
46903	2363
50153	2364
54496	2365
66453	2366
75389	2367
18495	2368
46430	2369
7823	2370
15992	2371
26160	2372
29179	2373
39402	2374
46143	2375
46753	2376
70746	2377
75772	2378
76471	2379
86044	2380
40915	2381
66454	2382
7909	2383
33231	2384
65938	2385
46126	2386
32745	2387
28189	2388
46108	2389
34788	2390
9875	2391
28193	2392
59187	2393
65352	2394
45487	2395
13774	2396
62989	2397
86508	2398
42963	2399
39039	2400
42620	2401
16359	2402
72753	2403
53617	2404
35288	2405
37468	2406
47627	2407
60690	2408
65764	2409
70738	2410
79296	2411
87829	2412
23654	2413
46521	2414
2325	2415
20614	2416
61013	2417
21496	2418
24080	2419
34284	2420
34726	2421
348	2422
24374	2423
25388	2424
194	2425
13628	2426
23729	2427
37625	2428
42497	2429
49690	2430
63331	2431
81665	2432
86830	2433
26774	2434
32303	2435
38331	2436
39979	2437
16786	2438
25016	2439
23151	2440
48466	2441
69983	2442
50495	2443
86393	2444
37888	2445
42385	2446
72216	2447
13752	2448
3965	2449
30027	2450
33862	2451
36470	2452
43323	2453
9995	2454
9168	2455
34928	2456
40624	2457
67782	2458
11627	2459
16085	2460
65050	2461
62685	2462
15342	2463
60650	2464
67755	2465
59022	2466
5352	2467
17547	2468
50295	2469
15907	2470
19404	2471
51252	2472
65473	2473
65800	2474
17776	2475
23443	2476
56966	2477
25304	2478
3485	2479
15093	2480
27024	2481
70086	2482
77747	2483
26096	2484
37256	2485
18660	2486
88486	2487
83554	2488
45499	2489
23580	2490
31321	2491
41808	2492
53345	2493
877	2494
3843	2495
6207	2496
7167	2497
8000	2498
8881	2499
9009	2500
9227	2501
16001	2502
16111	2503
17858	2504
17958	2505
21538	2506
21920	2507
23164	2508
25584	2509
25973	2510
28592	2511
29266	2512
30863	2513
31121	2514
32577	2515
34383	2516
35610	2517
35710	2518
35972	2519
36613	2520
36770	2521
40987	2522
42867	2523
43876	2524
43675	2525
45966	2526
47017	2527
50366	2528
52487	2529
53119	2530
53746	2531
56182	2532
56332	2533
57416	2534
57807	2535
59229	2536
64259	2537
67147	2538
69705	2539
71242	2540
74075	2541
76427	2542
76839	2543
78748	2544
81697	2545
5461	2546
5829	2547
6790	2548
7720	2549
9193	2550
12332	2551
18081	2552
22976	2553
23912	2554
24001	2555
25466	2556
29740	2557
33258	2558
33733	2559
34148	2560
35272	2561
35838	2562
36147	2563
36741	2564
41787	2565
42664	2566
54550	2567
65498	2568
65616	2569
66441	2570
71399	2571
73920	2572
84381	2573
84480	2574
86439	2575
10211	2576
28897	2577
33907	2578
45206	2579
63642	2580
73015	2581
76756	2582
79236	2583
80102	2584
84382	2585
85317	2586
85547	2587
45018	2588
64558	2589
84974	2590
84373	2591
1161	2592
7463	2593
71049	2594
50652	2595
5949	2596
10926	2597
58663	2598
12119	2599
32242	2600
44181	2601
85902	2602
15324	2603
7688	2604
35764	2605
20237	2606
512	2607
3519	2608
7987	2609
15411	2610
18082	2611
15848	2612
75339	2613
32243	2614
55841	2615
75650	2616
74496	2617
51905	2618
12514	2619
13939	2620
87512	2621
42819	2622
10295	2623
58140	2624
79576	2625
34181	2626
51950	2627
80899	2628
40163	2629
64233	2630
65987	2631
1975	2632
7910	2633
16032	2634
22824	2635
58978	2636
1617	2637
18299	2638
19454	2639
33868	2640
37398	2641
63255	2642
69973	2643
86693	2644
17815	2645
39508	2646
56913	2647
10536	2648
25782	2649
30914	2650
2589	2651
21975	2652
24332	2653
25378	2654
30186	2655
54269	2656
54478	2657
58022	2658
63090	2659
73562	2660
1563	2661
1746	2662
6108	2663
10457	2664
21984	2665
23355	2666
26061	2667
28706	2668
31345	2669
44940	2670
48652	2671
48025	2672
334	2673
24500	2674
62642	2675
52626	2676
24522	2677
82387	2678
18554	2679
57903	2680
10749	2681
62490	2682
25390	2683
49130	2684
77653	2685
81318	2686
22770	2687
25391	2688
25539	2689
31346	2690
87724	2691
12781	2692
84940	2693
58302	2694
43816	2695
18293	2696
8147	2697
31922	2698
48885	2699
62655	2700
69064	2701
68833	2702
83389	2703
2755	2704
4595	2705
18491	2706
33713	2707
39372	2708
42207	2709
45845	2710
46310	2711
49835	2712
53126	2713
62180	2714
70081	2715
70212	2716
82960	2717
32513	2718
1338	2719
29185	2720
43101	2721
7148	2722
46524	2723
49917	2724
70600	2725
57621	2726
74371	2727
85548	2728
61604	2729
77004	2730
42221	2731
88445	2732
78119	2733
61780	2734
11068	2735
6666	2736
26949	2737
8702	2738
37286	2739
47352	2740
47539	2741
51020	2742
59636	2743
62695	2744
86896	2745
4665	2746
19684	2747
77823	2748
59551	2749
74829	2750
64341	2751
59676	2752
63465	2753
79945	2754
14079	2755
78522	2756
24198	2757
79436	2758
83052	2759
5199	2760
26670	2761
85279	2762
23836	2763
50213	2764
64415	2765
63963	2766
73793	2767
74874	2768
23329	2769
65972	2770
67182	2771
21866	2772
49224	2773
78667	2774
20028	2775
64362	2776
63434	2777
68227	2778
68731	2779
61958	2780
34122	2781
23726	2782
26558	2783
36391	2784
58038	2785
70351	2786
34144	2787
29796	2788
67675	2789
80507	2790
454	2791
57923	2792
37316	2793
14695	2794
4481	2795
4178	2796
64798	2797
77023	2798
83071	2799
56796	2800
72577	2801
65255	2802
32545	2803
70321	2804
72347	2805
56701	2806
77772	2807
83742	2808
28641	2809
8668	2810
85038	2811
77193	2812
87021	2813
38963	2814
36826	2815
65258	2816
73146	2817
38999	2818
64028	2819
75307	2820
76065	2821
83967	2822
3016	2823
81998	2824
43591	2825
74154	2826
21230	2827
9318	2828
33921	2829
21700	2830
32830	2831
38166	2832
42597	2833
49460	2834
88621	2835
2365	2836
10110	2837
43663	2838
50791	2839
33068	2840
52658	2841
88062	2842
23367	2843
49506	2844
53313	2845
45913	2846
33501	2847
68268	2848
79460	2849
45808	2850
56020	2851
66140	2852
49036	2853
36831	2854
72667	2855
61122	2856
61276	2857
15799	2858
43492	2859
32951	2860
26673	2861
59438	2862
78732	2863
55377	2864
54434	2865
80632	2866
59209	2867
39537	2868
9410	2869
34530	2870
43221	2871
45520	2872
29679	2873
58723	2874
69770	2875
5462	2876
84320	2877
12948	2878
73794	2879
49496	2880
49943	2881
2274	2882
26493	2883
30541	2884
43556	2885
44171	2886
47138	2887
70137	2888
72031	2889
79837	2890
85373	2891
85437	2892
20412	2893
35324	2894
35843	2895
11658	2896
10527	2897
26681	2898
54276	2899
23778	2900
9067	2901
84514	2902
51828	2903
59677	2904
69888	2905
52728	2906
37387	2907
38075	2908
8035	2909
35233	2910
15655	2911
21046	2912
28598	2913
10809	2914
21656	2915
7465	2916
46993	2917
40355	2918
841	2919
4070	2920
72669	2921
41083	2922
53170	2923
59154	2924
70352	2925
26312	2926
87174	2927
82761	2928
3914	2929
26551	2930
43973	2931
81276	2932
10182	2933
38467	2934
69352	2935
30286	2936
77161	2937
7220	2938
22856	2939
27951	2940
28445	2941
45900	2942
1925	2943
8201	2944
56847	2945
70303	2946
51156	2947
77975	2948
32969	2949
73107	2950
83771	2951
36393	2952
56902	2953
62174	2954
69174	2955
40903	2956
87624	2957
43369	2958
2158	2959
63769	2960
59095	2961
87453	2962
69263	2963
29318	2964
73422	2965
3619	2966
6967	2967
69095	2968
53735	2969
60589	2970
13084	2971
44370	2972
85463	2973
87918	2974
87712	2975
84353	2976
80728	2977
28135	2978
38809	2979
52774	2980
58528	2981
78339	2982
85575	2983
36564	2984
37158	2985
65379	2986
63740	2987
81474	2988
33616	2989
67384	2990
51250	2991
34764	2992
39216	2993
34507	2994
5444	2995
38255	2996
15532	2997
22702	2998
22634	2999
24558	3000
32299	3001
61467	3002
14775	3003
5673	3004
48686	3005
54893	3006
83397	3007
59112	3008
41501	3009
32037	3010
6159	3011
39640	3012
83126	3013
44880	3014
44881	3015
80339	3016
11170	3017
8860	3018
8996	3019
12083	3020
34271	3021
37589	3022
81030	3023
13897	3024
13942	3025
20504	3026
20558	3027
17383	3028
36048	3029
39784	3030
80824	3031
38567	3032
85988	3033
14777	3034
47793	3035
27513	3036
62292	3037
78072	3038
30135	3039
49437	3040
30800	3041
39954	3042
51435	3043
64918	3044
59408	3045
67184	3046
7411	3047
25111	3048
38084	3049
51889	3050
61598	3051
72082	3052
49701	3053
5037	3054
6332	3055
8073	3056
18559	3057
36389	3058
41657	3059
51375	3060
63062	3061
10497	3062
35326	3063
16130	3064
63216	3065
26868	3066
54565	3067
69295	3068
73767	3069
43748	3070
70500	3071
79908	3072
79930	3073
69683	3074
7650	3075
13698	3076
44251	3077
49980	3078
72026	3079
28860	3080
2795	3081
24234	3082
29608	3083
52681	3084
61368	3085
50944	3086
34655	3087
59607	3088
75821	3089
10881	3090
36806	3091
44273	3092
24984	3093
53721	3094
71976	3095
8129	3096
15416	3097
25654	3098
4935	3099
48435	3100
45540	3101
70662	3102
85028	3103
18278	3104
33012	3105
52983	3106
73238	3107
34265	3108
6036	3109
73450	3110
64	3111
24726	3112
61259	3113
61123	3114
3822	3115
16101	3116
26183	3117
36655	3118
12196	3119
60967	3120
31574	3121
84558	3122
13486	3123
70815	3124
4472	3125
66249	3126
82814	3127
74522	3128
38334	3129
72181	3130
31587	3131
52948	3132
84248	3133
2380	3134
9601	3135
38997	3136
78600	3137
88565	3138
12936	3139
13720	3140
18031	3141
24576	3142
46563	3143
41241	3144
30731	3145
35406	3146
27629	3147
47509	3148
72992	3149
11174	3150
6920	3151
8371	3152
29017	3153
6403	3154
6060	3155
10539	3156
62892	3157
65939	3158
56145	3159
12215	3160
69155	3161
26583	3162
27700	3163
33736	3164
75660	3165
6483	3166
16621	3167
12036	3168
15523	3169
23589	3170
49231	3171
87875	3172
2548	3173
5499	3174
11070	3175
26169	3176
46805	3177
47381	3178
48147	3179
49829	3180
50564	3181
64575	3182
82287	3183
4327	3184
66163	3185
1638	3186
61915	3187
18355	3188
18674	3189
76110	3190
15575	3191
823	3192
37447	3193
11221	3194
43631	3195
8865	3196
69220	3197
32215	3198
73255	3199
66283	3200
24306	3201
69237	3202
78874	3203
56798	3204
70336	3205
49892	3206
65000	3207
86723	3208
58298	3209
19137	3210
72184	3211
67578	3212
73929	3213
16679	3214
81412	3215
22367	3216
7090	3217
88573	3218
55431	3219
75577	3220
52315	3221
84258	3222
31791	3223
14138	3224
74525	3225
71961	3226
19667	3227
16285	3228
31814	3229
18716	3230
620	3231
71729	3232
27396	3233
3093	3234
50002	3235
72141	3236
55637	3237
17167	3238
31344	3239
35793	3240
36368	3241
50976	3242
53493	3243
56116	3244
66211	3245
69811	3246
58278	3247
67774	3248
56409	3249
15579	3250
59133	3251
2209	3252
7237	3253
8764	3254
29980	3255
66937	3256
68315	3257
180	3258
16577	3259
82113	3260
24380	3261
27433	3262
1261	3263
3465	3264
13201	3265
20008	3266
66819	3267
67370	3268
3927	3269
27663	3270
28685	3271
23815	3272
61230	3273
66228	3274
15284	3275
49801	3276
71240	3277
21733	3278
45242	3279
62968	3280
4911	3281
3487	3282
11687	3283
88348	3284
23507	3285
745	3286
25619	3287
4988	3288
60036	3289
81476	3290
28749	3291
1429	3292
1723	3293
2084	3294
3056	3295
5445	3296
8427	3297
23767	3298
24841	3299
25306	3300
44284	3301
44358	3302
51521	3303
54830	3304
55456	3305
58773	3306
77649	3307
74774	3308
14061	3309
54394	3310
48204	3311
23659	3312
82578	3313
62937	3314
68822	3315
286	3316
10196	3317
13112	3318
14610	3319
16988	3320
28824	3321
40216	3322
67729	3323
68129	3324
68972	3325
69935	3326
70961	3327
82094	3328
33956	3329
49693	3330
52495	3331
84284	3332
29683	3333
32702	3334
69797	3335
46213	3336
50001	3337
10392	3338
36591	3339
9338	3340
44191	3341
9677	3342
57336	3343
75895	3344
56553	3345
15814	3346
54317	3347
3186	3348
6484	3349
15816	3350
19534	3351
20588	3352
22997	3353
26249	3354
26763	3355
28437	3356
33625	3357
36155	3358
41469	3359
43325	3360
69141	3361
77086	3362
84834	3363
86479	3364
20775	3365
71060	3366
40315	3367
22520	3368
60976	3369
26338	3370
57605	3371
14280	3372
11936	3373
18624	3374
71921	3375
73156	3376
58900	3377
58949	3378
87023	3379
833	3380
57023	3381
77286	3382
17568	3383
25842	3384
50712	3385
7119	3386
41161	3387
45374	3388
44280	3389
2691	3390
47181	3391
55992	3392
15852	3393
20041	3394
35806	3395
67706	3396
61599	3397
23454	3398
26711	3399
28840	3400
39490	3401
28171	3402
39836	3403
51363	3404
43403	3405
5011	3406
10597	3407
11680	3408
12004	3409
14856	3410
14960	3411
18406	3412
18648	3413
19262	3414
22802	3415
26448	3416
28053	3417
28895	3418
62328	3419
72264	3420
7363	3421
76379	3422
47309	3423
63277	3424
73753	3425
8292	3426
52971	3427
19898	3428
36076	3429
79186	3430
58391	3431
25119	3432
48933	3433
58358	3434
78346	3435
82114	3436
24900	3437
82219	3438
40790	3439
13605	3440
3168	3441
55934	3442
17653	3443
24247	3444
72623	3445
76805	3446
24502	3447
72732	3448
10124	3449
88796	3450
29109	3451
53397	3452
42071	3453
27338	3454
46145	3455
62177	3456
58496	3457
2511	3458
10634	3459
11297	3460
11336	3461
16099	3462
16700	3463
17154	3464
24845	3465
29754	3466
31371	3467
34391	3468
36594	3469
38803	3470
39880	3471
40257	3472
40645	3473
40709	3474
41814	3475
45887	3476
46200	3477
47042	3478
48952	3479
51332	3480
58783	3481
61161	3482
61297	3483
61869	3484
62241	3485
63125	3486
63786	3487
63837	3488
64702	3489
66025	3490
67214	3491
67691	3492
71205	3493
73324	3494
76050	3495
79711	3496
79716	3497
80665	3498
82314	3499
82524	3500
84971	3501
88133	3502
88403	3503
9442	3504
11815	3505
28058	3506
29685	3507
31592	3508
33267	3509
34639	3510
34855	3511
40518	3512
44400	3513
44830	3514
45686	3515
53856	3516
63631	3517
71401	3518
18184	3519
52431	3520
55083	3521
46374	3522
34822	3523
73798	3524
9662	3525
70256	3526
71695	3527
69429	3528
55505	3529
66342	3530
9532	3531
21658	3532
43059	3533
84434	3534
21472	3535
84338	3536
2151	3537
6758	3538
8213	3539
21104	3540
44371	3541
48612	3542
54367	3543
63577	3544
75180	3545
76927	3546
86814	3547
16354	3548
69034	3549
2384	3550
78269	3551
63440	3552
16897	3553
37168	3554
56960	3555
67304	3556
20589	3557
84325	3558
8862	3559
15458	3560
15728	3561
17257	3562
16364	3563
33978	3564
47234	3565
55224	3566
62397	3567
69151	3568
70053	3569
87735	3570
4666	3571
36447	3572
50701	3573
12403	3574
22013	3575
36384	3576
67482	3577
19300	3578
15702	3579
22519	3580
36283	3581
69652	3582
14841	3583
34983	3584
52570	3585
54505	3586
57597	3587
67006	3588
34777	3589
38746	3590
82066	3591
20163	3592
5906	3593
36556	3594
39171	3595
81181	3596
57024	3597
16915	3598
31859	3599
37488	3600
77592	3601
14028	3602
20801	3603
37785	3604
84518	3605
20802	3606
64738	3607
64721	3608
12487	3609
23636	3610
63145	3611
59170	3612
73063	3613
86991	3614
75688	3615
6058	3616
82580	3617
14615	3618
35746	3619
45852	3620
74744	3621
42931	3622
8628	3623
10004	3624
6572	3625
45809	3626
87086	3627
36419	3628
58034	3629
24206	3630
8722	3631
4522	3632
2850	3633
26152	3634
5413	3635
88420	3636
4467	3637
26591	3638
26128	3639
3065	3640
71957	3641
22931	3642
42139	3643
22230	3644
58969	3645
53355	3646
909	3647
31596	3648
41096	3649
28486	3650
15620	3651
9124	3652
36880	3653
13465	3654
37005	3655
63720	3656
46392	3657
42403	3658
78363	3659
80354	3660
35304	3661
52267	3662
7091	3663
49694	3664
14598	3665
48017	3666
12000	3667
17910	3668
70266	3669
12811	3670
77198	3671
5720	3672
54358	3673
36120	3674
68182	3675
42380	3676
4539	3677
67345	3678
42653	3679
72439	3680
60030	3681
9574	3682
10812	3683
74253	3684
42153	3685
24804	3686
2816	3687
84331	3688
38571	3689
87523	3690
51867	3691
59211	3692
70555	3693
16472	3694
61685	3695
52950	3696
15914	3697
27079	3698
61088	3699
51408	3700
47696	3701
38273	3702
55738	3703
4150	3704
62332	3705
65520	3706
72430	3707
9369	3708
4149	3709
12715	3710
15107	3711
18061	3712
30662	3713
32162	3714
33157	3715
36081	3716
60905	3717
81614	3718
12825	3719
78533	3720
4780	3721
19154	3722
23850	3723
24465	3724
28176	3725
66396	3726
42773	3727
61655	3728
39096	3729
20105	3730
20979	3731
24754	3732
53650	3733
3731	3734
76445	3735
24682	3736
31295	3737
36562	3738
51155	3739
73283	3740
20912	3741
45258	3742
69991	3743
60566	3744
80564	3745
60412	3746
27723	3747
85631	3748
56623	3749
15552	3750
43951	3751
62795	3752
36837	3753
78141	3754
2445	3755
59482	3756
49119	3757
58359	3758
63890	3759
74555	3760
22403	3761
4562	3762
48626	3763
11751	3764
78415	3765
15172	3766
25659	3767
45557	3768
76523	3769
83867	3770
52432	3771
48881	3772
38275	3773
858	3774
23107	3775
31657	3776
13214	3777
48295	3778
80716	3779
18027	3780
42428	3781
77359	3782
41955	3783
74939	3784
31569	3785
42786	3786
47188	3787
67871	3788
76145	3789
57934	3790
70329	3791
24904	3792
47145	3793
34623	3794
39387	3795
76573	3796
76524	3797
44106	3798
1528	3799
21411	3800
37719	3801
74876	3802
33628	3803
54658	3804
22328	3805
46442	3806
60265	3807
44699	3808
886	3809
3267	3810
23210	3811
53231	3812
84880	3813
69116	3814
87068	3815
2458	3816
9493	3817
21479	3818
53487	3819
67484	3820
68669	3821
85238	3822
85751	3823
16268	3824
71854	3825
54323	3826
80870	3827
10028	3828
39463	3829
66798	3830
70797	3831
73988	3832
39447	3833
71697	3834
13469	3835
57295	3836
60120	3837
76934	3838
7075	3839
79096	3840
61940	3841
85035	3842
1707	3843
17254	3844
54006	3845
68858	3846
41511	3847
42241	3848
28965	3849
36721	3850
75103	3851
4650	3852
3895	3853
79098	3854
3409	3855
56412	3856
24561	3857
71626	3858
75540	3859
37174	3860
58713	3861
4110	3862
1688	3863
45335	3864
50861	3865
68539	3866
2654	3867
8838	3868
9392	3869
21262	3870
37407	3871
44796	3872
45159	3873
52205	3874
71388	3875
78412	3876
83263	3877
26339	3878
53316	3879
58318	3880
38278	3881
22510	3882
63132	3883
26172	3884
52	3885
8136	3886
10784	3887
14585	3888
17231	3889
21348	3890
27890	3891
31724	3892
42712	3893
44304	3894
45219	3895
45956	3896
53541	3897
58098	3898
61267	3899
61418	3900
64672	3901
65285	3902
70616	3903
70833	3904
71873	3905
77506	3906
82261	3907
84950	3908
16429	3909
25058	3910
31106	3911
36009	3912
36089	3913
48497	3914
50810	3915
51660	3916
52092	3917
53869	3918
57625	3919
63635	3920
64563	3921
71155	3922
71296	3923
72630	3924
75743	3925
82525	3926
74969	3927
82526	3928
41251	3929
47605	3930
2009	3931
2010	3932
1431	3933
17638	3934
51301	3935
59241	3936
63412	3937
64148	3938
45077	3939
16226	3940
49557	3941
65128	3942
34075	3943
31177	3944
67073	3945
39853	3946
26995	3947
6519	3948
25255	3949
46967	3950
59758	3951
74087	3952
57864	3953
35090	3954
9383	3955
55204	3956
76621	3957
44373	3958
53775	3959
82318	3960
82163	3961
10773	3962
83872	3963
3825	3964
4594	3965
5603	3966
6460	3967
8379	3968
17103	3969
21487	3970
31474	3971
33034	3972
33139	3973
36215	3974
38945	3975
40254	3976
44820	3977
49023	3978
49999	3979
50453	3980
51912	3981
52599	3982
58128	3983
59492	3984
60280	3985
61181	3986
62987	3987
70314	3988
71430	3989
71477	3990
72066	3991
73769	3992
75701	3993
77327	3994
77639	3995
79310	3996
84927	3997
86103	3998
86979	3999
367	4000
12345	4001
31988	4002
37454	4003
41487	4004
42731	4005
46349	4006
51271	4007
51644	4008
72708	4009
74565	4010
84111	4011
87193	4012
22734	4013
85011	4014
54325	4015
50668	4016
76003	4017
36010	4018
37278	4019
24184	4020
36011	4021
71381	4022
28321	4023
10757	4024
48989	4025
8363	4026
21628	4027
25660	4028
39693	4029
60850	4030
68003	4031
84735	4032
51661	4033
12733	4034
22078	4035
25472	4036
30898	4037
31636	4038
45211	4039
70487	4040
22086	4041
39988	4042
75030	4043
76101	4044
44389	4045
21443	4046
30089	4047
45131	4048
45064	4049
45151	4050
47135	4051
54861	4052
56379	4053
62552	4054
66324	4055
68301	4056
74334	4057
4622	4058
38890	4059
23790	4060
4324	4061
16699	4062
47311	4063
65827	4064
3830	4065
8977	4066
10679	4067
12099	4068
13882	4069
16351	4070
23695	4071
27636	4072
27729	4073
30094	4074
30100	4075
30644	4076
38087	4077
39841	4078
44675	4079
47375	4080
58099	4081
68420	4082
69139	4083
78575	4084
79365	4085
12319	4086
46197	4087
38366	4088
28908	4089
31783	4090
18800	4091
28114	4092
54225	4093
53087	4094
15493	4095
84987	4096
51170	4097
47040	4098
52704	4099
63539	4100
64877	4101
2944	4102
3313	4103
88044	4104
24235	4105
86236	4106
25351	4107
9833	4108
46624	4109
78236	4110
78273	4111
7112	4112
51379	4113
75513	4114
41491	4115
1793	4116
78019	4117
24151	4118
70179	4119
82165	4120
53603	4121
1081	4122
4316	4123
22462	4124
28481	4125
67756	4126
82916	4127
4251	4128
4494	4129
63416	4130
69698	4131
53193	4132
51319	4133
85417	4134
65484	4135
11143	4136
23159	4137
73730	4138
7058	4139
40879	4140
39540	4141
38350	4142
64833	4143
4451	4144
41403	4145
4144	4146
36614	4147
56230	4148
60609	4149
72167	4150
74344	4151
75851	4152
88371	4153
57402	4154
79101	4155
17887	4156
47513	4157
49309	4158
72345	4159
78385	4160
55698	4161
69299	4162
5811	4163
73972	4164
24406	4165
58942	4166
79103	4167
31845	4168
25997	4169
88435	4170
39544	4171
71702	4172
71385	4173
67077	4174
83546	4175
84009	4176
73602	4177
72391	4178
34798	4179
1222	4180
3024	4181
3230	4182
18323	4183
18558	4184
56660	4185
68377	4186
18327	4187
27295	4188
62209	4189
54719	4190
78159	4191
11665	4192
23011	4193
51890	4194
61152	4195
9241	4196
78536	4197
19573	4198
53023	4199
64571	4200
68374	4201
85076	4202
53875	4203
67715	4204
46797	4205
55512	4206
4738	4207
35765	4208
23820	4209
21644	4210
14848	4211
33096	4212
56638	4213
71479	4214
76022	4215
71608	4216
38929	4217
2231	4218
63680	4219
69396	4220
4600	4221
12114	4222
12110	4223
12111	4224
14996	4225
31158	4226
33570	4227
34136	4228
45190	4229
46097	4230
48172	4231
32573	4232
68988	4233
50870	4234
82889	4235
3852	4236
23463	4237
84452	4238
65832	4239
19073	4240
27625	4241
56539	4242
83641	4243
7788	4244
20246	4245
26068	4246
2937	4247
16430	4248
561	4249
3325	4250
6216	4251
8074	4252
8260	4253
14681	4254
15560	4255
15583	4256
16625	4257
20757	4258
22407	4259
25120	4260
33236	4261
35726	4262
37654	4263
37730	4264
41641	4265
43560	4266
46214	4267
47622	4268
47989	4269
50392	4270
64537	4271
68251	4272
68516	4273
73505	4274
75706	4275
85379	4276
36785	4277
44375	4278
51593	4279
53466	4280
59832	4281
61372	4282
75322	4283
79297	4284
83920	4285
81550	4286
50823	4287
50824	4288
15345	4289
70169	4290
17038	4291
4114	4292
46546	4293
79244	4294
4678	4295
65495	4296
43801	4297
33465	4298
50826	4299
23747	4300
83921	4301
41255	4302
68091	4303
76281	4304
38574	4305
79656	4306
51743	4307
28239	4308
28532	4309
35522	4310
44270	4311
55572	4312
70881	4313
81809	4314
9062	4315
23465	4316
76338	4317
2210	4318
6628	4319
13883	4320
14974	4321
15442	4322
16117	4323
18582	4324
18700	4325
20286	4326
21060	4327
21629	4328
21889	4329
23007	4330
23996	4331
25107	4332
25229	4333
25765	4334
26515	4335
30423	4336
31425	4337
32049	4338
32109	4339
32819	4340
34522	4341
36817	4342
41636	4343
41803	4344
43441	4345
46074	4346
50476	4347
60882	4348
63599	4349
69117	4350
70757	4351
73951	4352
74366	4353
75254	4354
79271	4355
79998	4356
80407	4357
82973	4358
83063	4359
85451	4360
86230	4361
88102	4362
3111	4363
5679	4364
6362	4365
8625	4366
11011	4367
12208	4368
18283	4369
20982	4370
22737	4371
29701	4372
36038	4373
47679	4374
49810	4375
65697	4376
67419	4377
76282	4378
48523	4379
71704	4380
87530	4381
65745	4382
15859	4383
31991	4384
24966	4385
52214	4386
76082	4387
5539	4388
73850	4389
57579	4390
12115	4391
53879	4392
78225	4393
34455	4394
52215	4395
82813	4396
35350	4397
34456	4398
80069	4399
46548	4400
9201	4401
76712	4402
46028	4403
32304	4404
61493	4405
8071	4406
23821	4407
27751	4408
51578	4409
56647	4410
60311	4411
65413	4412
67030	4413
68210	4414
70465	4415
67494	4416
12814	4417
70631	4418
66919	4419
16667	4420
18206	4421
32517	4422
73749	4423
28922	4424
44377	4425
17703	4426
32518	4427
34960	4428
75323	4429
30034	4430
25152	4431
1674	4432
24957	4433
6279	4434
2414	4435
18329	4436
35284	4437
67361	4438
30077	4439
29519	4440
5568	4441
16014	4442
21048	4443
21431	4444
29180	4445
32292	4446
53510	4447
62527	4448
62868	4449
66524	4450
68648	4451
75483	4452
76055	4453
80690	4454
81435	4455
83362	4456
14415	4457
27587	4458
87534	4459
29363	4460
72429	4461
30885	4462
53209	4463
59005	4464
68459	4465
82517	4466
85078	4467
66561	4468
36263	4469
36104	4470
47843	4471
59384	4472
73527	4473
74787	4474
83395	4475
76838	4476
27105	4477
61728	4478
27608	4479
34030	4480
42946	4481
63095	4482
83142	4483
31043	4484
77269	4485
14927	4486
25475	4487
35573	4488
54669	4489
59308	4490
58825	4491
72890	4492
81214	4493
49952	4494
2136	4495
57243	4496
71525	4497
36800	4498
87593	4499
64590	4500
2955	4501
25902	4502
47987	4503
9494	4504
49746	4505
45570	4506
18268	4507
8883	4508
11698	4509
19202	4510
29883	4511
40364	4512
48935	4513
52035	4514
14928	4515
4117	4516
57339	4517
26982	4518
12982	4519
20591	4520
38756	4521
38871	4522
52764	4523
58168	4524
59763	4525
71606	4526
79130	4527
81718	4528
88047	4529
12556	4530
51551	4531
74764	4532
28079	4533
19566	4534
37204	4535
77191	4536
85491	4537
12242	4538
65700	4539
22298	4540
34674	4541
38774	4542
51672	4543
53468	4544
55984	4545
68391	4546
84522	4547
48936	4548
17032	4549
53954	4550
31017	4551
68984	4552
87978	4553
41455	4554
48098	4555
73732	4556
13482	4557
31614	4558
33010	4559
63686	4560
57196	4561
56371	4562
77173	4563
32972	4564
31793	4565
56850	4566
66949	4567
75670	4568
42160	4569
21849	4570
9652	4571
3452	4572
58153	4573
65091	4574
81539	4575
24864	4576
58871	4577
62577	4578
64848	4579
57409	4580
57599	4581
57769	4582
78546	4583
86488	4584
69365	4585
59776	4586
35973	4587
45572	4588
31188	4589
3171	4590
26604	4591
5478	4592
53621	4593
76194	4594
77560	4595
74642	4596
35574	4597
38292	4598
80759	4599
73135	4600
13797	4601
71944	4602
1074	4603
32454	4604
2019	4605
18921	4606
3827	4607
62992	4608
2332	4609
19910	4610
87029	4611
65523	4612
3405	4613
68610	4614
55866	4615
63358	4616
43293	4617
5385	4618
29294	4619
34319	4620
61561	4621
82996	4622
72761	4623
74587	4624
21639	4625
52193	4626
80197	4627
21906	4628
74590	4629
7015	4630
62825	4631
62826	4632
21275	4633
26561	4634
32425	4635
25950	4636
23504	4637
79493	4638
78196	4639
68365	4640
60751	4641
8928	4642
26317	4643
40741	4644
45181	4645
53400	4646
86178	4647
28063	4648
47089	4649
81338	4650
12893	4651
15940	4652
27578	4653
28987	4654
29025	4655
30526	4656
50921	4657
66118	4658
66310	4659
74892	4660
83602	4661
9792	4662
38039	4663
65087	4664
68611	4665
36706	4666
57791	4667
26132	4668
38079	4669
24165	4670
26318	4671
41763	4672
33011	4673
69727	4674
46782	4675
75013	4676
88588	4677
53891	4678
39571	4679
44619	4680
46386	4681
50491	4682
86418	4683
35319	4684
76991	4685
49499	4686
70514	4687
2448	4688
56162	4689
55425	4690
70007	4691
80083	4692
58044	4693
36579	4694
36860	4695
51413	4696
87054	4697
36965	4698
37039	4699
42454	4700
64957	4701
49551	4702
71595	4703
50244	4704
52021	4705
33244	4706
44356	4707
48262	4708
55357	4709
59225	4710
69611	4711
25989	4712
53892	4713
26649	4714
68316	4715
83978	4716
48750	4717
611	4718
1627	4719
24871	4720
25866	4721
27479	4722
48809	4723
75633	4724
85970	4725
85079	4726
62343	4727
14824	4728
43169	4729
34459	4730
31579	4731
7032	4732
13996	4733
21469	4734
75947	4735
77117	4736
80305	4737
54509	4738
73347	4739
13072	4740
31879	4741
86608	4742
41114	4743
29730	4744
6238	4745
9156	4746
73859	4747
17149	4748
15042	4749
20108	4750
21130	4751
44741	4752
29932	4753
4680	4754
45940	4755
86226	4756
42679	4757
43095	4758
20829	4759
47656	4760
13943	4761
5093	4762
11214	4763
33152	4764
35132	4765
50123	4766
70587	4767
12699	4768
11958	4769
68989	4770
47810	4771
51235	4772
40714	4773
74103	4774
83718	4775
6846	4776
53275	4777
58481	4778
76642	4779
14358	4780
26063	4781
26843	4782
31451	4783
33931	4784
35276	4785
60276	4786
74978	4787
77203	4788
84612	4789
11339	4790
83923	4791
2473	4792
63491	4793
4978	4794
21373	4795
24813	4796
33708	4797
36464	4798
54061	4799
59000	4800
65323	4801
65843	4802
87749	4803
15193	4804
72005	4805
88557	4806
5761	4807
12375	4808
64226	4809
6601	4810
47204	4811
74758	4812
9736	4813
72762	4814
86504	4815
466	4816
38524	4817
29708	4818
64772	4819
6554	4820
1929	4821
63341	4822
28565	4823
31802	4824
33573	4825
50297	4826
61113	4827
15862	4828
59619	4829
68032	4830
52120	4831
52216	4832
31226	4833
86978	4834
11126	4835
82832	4836
723	4837
17876	4838
39398	4839
54585	4840
21780	4841
69091	4842
69639	4843
67624	4844
80737	4845
21314	4846
36449	4847
2919	4848
26815	4849
76788	4850
53281	4851
75671	4852
32548	4853
81408	4854
77731	4855
71717	4856
76535	4857
42253	4858
72202	4859
49457	4860
55408	4861
73121	4862
80589	4863
36846	4864
58475	4865
69159	4866
70295	4867
84912	4868
18214	4869
36379	4870
22015	4871
75557	4872
77181	4873
39127	4874
87654	4875
62239	4876
43305	4877
47140	4878
27526	4879
22841	4880
57796	4881
63511	4882
78833	4883
84329	4884
67206	4885
38304	4886
39762	4887
70506	4888
24959	4889
34463	4890
85786	4891
21465	4892
58793	4893
80171	4894
37639	4895
54679	4896
58983	4897
58775	4898
7472	4899
8933	4900
28025	4901
85980	4902
58674	4903
55584	4904
36848	4905
36585	4906
77936	4907
3507	4908
81304	4909
2214	4910
85014	4911
14401	4912
88313	4913
25174	4914
42237	4915
13227	4916
38672	4917
58373	4918
68319	4919
8190	4920
57929	4921
70936	4922
83021	4923
6358	4924
12377	4925
22934	4926
44424	4927
54972	4928
36615	4929
79210	4930
86689	4931
9976	4932
26110	4933
58593	4934
78013	4935
9072	4936
9701	4937
21031	4938
80110	4939
36045	4940
63312	4941
67004	4942
85216	4943
34465	4944
77070	4945
65907	4946
42046	4947
8355	4948
25484	4949
81906	4950
11087	4951
13279	4952
18234	4953
47681	4954
35242	4955
72891	4956
10187	4957
30768	4958
33296	4959
61518	4960
20314	4961
59175	4962
2366	4963
3526	4964
8478	4965
14906	4966
19016	4967
19904	4968
20100	4969
30408	4970
32301	4971
41274	4972
52435	4973
54415	4974
58237	4975
70882	4976
72456	4977
74071	4978
78370	4979
79339	4980
79635	4981
83246	4982
15661	4983
25524	4984
30396	4985
45103	4986
61333	4987
55110	4988
15433	4989
31343	4990
34067	4991
46088	4992
83924	4993
39905	4994
81061	4995
51062	4996
81568	4997
25049	4998
29310	4999
46256	5000
47410	5001
65165	5002
87955	5003
28458	5004
60345	5005
66518	5006
25024	5007
54336	5008
69413	5009
1897	5010
83626	5011
42179	5012
40078	5013
34591	5014
56742	5015
76984	5016
36948	5017
34647	5018
67089	5019
81525	5020
85793	5021
12299	5022
63639	5023
53903	5024
27673	5025
87561	5026
19440	5027
16414	5028
5159	5029
72465	5030
19167	5031
86179	5032
30448	5033
41129	5034
56568	5035
23071	5036
47617	5037
23102	5038
70713	5039
75809	5040
20125	5041
18220	5042
81385	5043
13103	5044
60035	5045
26812	5046
4574	5047
87376	5048
84031	5049
19675	5050
29630	5051
5733	5052
7372	5053
83436	5054
37729	5055
31058	5056
81420	5057
83013	5058
81364	5059
23839	5060
44311	5061
58296	5062
26907	5063
9932	5064
34733	5065
71517	5066
59553	5067
62422	5068
28040	5069
54013	5070
6196	5071
19831	5072
32566	5073
66019	5074
10594	5075
63244	5076
28609	5077
40195	5078
72400	5079
39458	5080
9379	5081
81432	5082
17532	5083
10620	5084
2568	5085
25146	5086
37569	5087
43212	5088
46891	5089
47452	5090
70488	5091
70819	5092
74089	5093
76069	5094
82703	5095
29524	5096
12867	5097
56335	5098
34749	5099
14297	5100
3699	5101
28155	5102
64025	5103
72243	5104
80020	5105
80124	5106
80232	5107
74084	5108
69640	5109
83055	5110
3617	5111
55114	5112
54248	5113
20191	5114
42059	5115
47595	5116
47920	5117
52153	5118
68366	5119
72998	5120
54090	5121
56334	5122
60553	5123
83177	5124
76531	5125
5713	5126
8570	5127
2813	5128
18832	5129
73857	5130
56691	5131
41270	5132
62089	5133
74279	5134
1124	5135
9447	5136
12599	5137
13062	5138
13772	5139
25317	5140
42710	5141
43110	5142
53047	5143
57220	5144
63133	5145
74258	5146
76719	5147
82394	5148
87089	5149
88463	5150
36998	5151
36510	5152
83433	5153
37658	5154
64155	5155
73098	5156
9014	5157
85551	5158
61395	5159
40365	5160
81794	5161
6427	5162
22405	5163
44802	5164
86427	5165
54216	5166
62993	5167
77563	5168
25764	5169
65908	5170
86343	5171
86594	5172
62231	5173
3471	5174
4488	5175
5656	5176
22309	5177
22313	5178
23565	5179
25483	5180
26700	5181
30194	5182
37576	5183
44488	5184
46878	5185
65976	5186
71268	5187
77763	5188
76202	5189
76830	5190
77113	5191
78093	5192
78709	5193
85083	5194
32809	5195
34468	5196
44381	5197
85797	5198
40889	5199
16489	5200
36129	5201
16591	5202
14141	5203
32197	5204
19587	5205
34159	5206
37249	5207
41675	5208
51258	5209
70682	5210
83971	5211
5027	5212
25479	5213
68711	5214
34395	5215
74624	5216
45276	5217
57630	5218
73295	5219
48130	5220
58330	5221
20927	5222
35891	5223
22941	5224
36551	5225
33211	5226
47901	5227
80250	5228
18225	5229
33769	5230
86309	5231
5585	5232
12826	5233
14915	5234
20180	5235
26288	5236
26430	5237
28089	5238
28519	5239
40267	5240
50496	5241
57914	5242
66532	5243
66617	5244
85385	5245
86170	5246
86605	5247
9065	5248
27303	5249
32318	5250
35954	5251
41617	5252
49698	5253
55362	5254
74246	5255
84423	5256
31914	5257
6592	5258
9245	5259
30043	5260
46317	5261
71987	5262
84890	5263
18673	5264
21042	5265
52168	5266
53069	5267
68866	5268
78559	5269
76346	5270
4741	5271
17107	5272
35577	5273
22072	5274
32810	5275
29136	5276
53930	5277
31613	5278
79813	5279
86742	5280
87356	5281
70883	5282
82605	5283
42087	5284
46171	5285
46219	5286
60986	5287
33113	5288
66719	5289
71082	5290
20188	5291
11212	5292
11216	5293
36333	5294
46749	5295
48175	5296
56639	5297
70950	5298
75857	5299
76548	5300
80749	5301
5684	5302
62028	5303
33863	5304
61244	5305
45611	5306
1364	5307
87647	5308
71539	5309
12750	5310
21775	5311
28335	5312
87927	5313
86928	5314
86967	5315
11955	5316
64053	5317
46640	5318
87130	5319
69795	5320
6016	5321
17560	5322
62113	5323
82247	5324
14298	5325
56855	5326
56720	5327
60041	5328
73112	5329
14076	5330
26674	5331
51295	5332
88776	5333
53647	5334
14257	5335
87606	5336
74809	5337
44085	5338
3241	5339
31588	5340
14488	5341
87293	5342
34345	5343
78007	5344
59464	5345
45616	5346
3210	5347
4497	5348
37051	5349
35448	5350
87031	5351
59157	5352
36685	5353
58085	5354
87443	5355
41881	5356
31626	5357
14305	5358
72251	5359
31869	5360
45621	5361
42194	5362
57996	5363
64872	5364
41142	5365
14515	5366
69161	5367
74063	5368
40082	5369
3316	5370
14100	5371
45175	5372
1403	5373
22660	5374
73745	5375
35736	5376
31523	5377
17544	5378
41271	5379
88337	5380
80415	5381
62737	5382
66197	5383
88751	5384
16234	5385
51459	5386
7038	5387
56450	5388
44920	5389
26704	5390
42318	5391
87969	5392
59070	5393
4357	5394
43620	5395
49536	5396
