4796	450
5923	3885
1041	2027
2513	3111
4896	1035
3595	702
4691	3258
5822	2005
3	2425
4	1865
808	2145
5914	1248
5565	329
5902	329
2949	3316
297	915
5907	2673
5993	2422
5098	4000
2645	60
5984	2791
1042	4816
3112	2607
5422	2607
3522	1468
693	1498
4811	1498
2612	4249
4291	1203
1827	2218
1761	325
3922	4718
5267	3231
288	2293
2776	2293
4931	2293
5246	2293
1704	4837
640	637
240	2075
3294	2075
1514	3286
3834	220
2307	3192
4173	3380
2698	712
2633	1385
3039	2919
2040	3774
2647	2494
164	3809
1971	3809
2591	3809
4704	1062
1206	1794
4903	5010
4694	2943
1656	4821
612	1716
613	1716
614	1716
4849	1716
5039	1716
5948	2632
5903	3931
321	3932
4032	3932
5571	4605
5832	4605
2599	1543
1085	2332
1467	3294
4379	1875
5739	1023
5815	4495
307	2341
5252	3537
229	2959
3801	2959
553	3252
3752	4318
3752	4318
3752	4318
4781	4910
4305	4218
2002	2882
3293	2338
3766	1260
4921	2013
3415	2415
1343	1505
1633	1505
1730	1505
1991	1505
2218	1505
2341	1505
2548	4609
3277	4609
5391	2836
291	4963
4570	1779
812	3134
3529	3134
3986	3134
5588	3134
5634	3134
5927	3134
4418	3550
5726	4435
5926	881
4228	3755
5013	4688
597	3816
1973	3816
2658	3816
5020	3816
2924	304
393	4792
1825	157
3182	1159
3740	3458
100	225
5822	1563
5644	3173
1256	1783
5153	438
3646	5085
233	178
523	2651
5670	676
5678	676
964	1054
124	1615
900	1615
1084	1615
3380	1615
4432	1615
5336	1615
5925	3867
5925	3867
5925	3867
5925	3867
5925	3867
5925	3867
5925	3867
5925	3867
5925	3867
5925	3867
5925	3867
5925	3867
5925	3867
2319	3390
5806	1729
5843	1149
4696	953
4961	953
870	2704
2818	32
3744	32
5571	22
5551	895
5571	203
2221	3081
3116	3081
5833	5128
5026	3687
3168	290
788	523
943	3633
5667	1828
4620	586
2621	2182
4760	2182
5774	4848
5575	4247
820	4102
723	1218
4276	4501
1372	1400
5959	1793
5893	1339
779	2823
4911	521
347	4181
955	1136
4659	661
4805	3295
5609	3640
364	3234
2305	357
3507	4363
2579	1952
3267	1952
5148	212
5467	962
2292	3441
4929	4590
1017	3348
1231	312
4387	312
5132	312
5472	312
3784	5347
3909	5347
5792	4182
3882	168
602	1755
5452	5339
4166	3810
1132	4103
2194	5370
862	4250
5473	4250
5571	927
5660	927
4673	963
5604	542
5691	542
278	4613
4891	3855
2960	826
3976	4572
3608	3264
5628	169
5695	5174
5699	5174
3175	2479
5909	3282
1883	2074
3383	2074
1898	731
3140	731
1454	1173
5069	4908
4081	2608
4427	4964
1885	1401
2752	1401
4490	1401
1438	5111
5260	2966
1268	33
2268	1760
3605	1760
3653	5101
2339	311
716	1934
3001	3734
5322	1958
2938	3115
3319	3115
4662	3115
5377	3115
353	3964
3459	3964
1837	4607
4762	4065
1249	823
2082	823
2986	823
3140	823
3652	823
5474	823
1889	2495
5667	4236
5914	4236
5932	4236
2627	47
1778	708
5775	1132
4033	3853
2796	2929
5852	3269
5313	2449
4178	1056
4989	1056
3051	1249
5271	1417
4476	2920
3587	806
636	1653
639	1653
3664	1653
5657	3862
1461	4292
3121	4516
5666	4516
5926	4146
2130	3709
1290	3704
5765	548
737	662
60	2796
362	179
107	1397
2278	4128
3610	4128
3926	4128
287	1931
3074	3647
4336	1800
249	1815
3252	177
4491	177
586	1705
5647	1076
1395	4603
5947	1431
2608	4122
2839	72
3424	134
5755	5135
684	1756
5205	1884
3930	2166
5571	2166
5632	2592
4311	2143
4014	4180
4105	926
5802	196
3918	3263
5043	2037
5614	257
2650	878
5775	878
5956	878
3248	1524
2049	2127
2106	2719
2789	5307
878	2219
1314	5373
5659	5373
5659	5373
5659	5373
5659	5373
5659	5373
5659	5373
273	3292
3208	3933
5612	1338
44	1418
5576	3799
5502	2661
5934	2637
5444	376
1149	4719
156	3186
187	3186
740	3186
3862	3186
5669	1046
2805	4432
5789	4432
5053	1743
905	3863
5640	3843
5738	1106
3825	3293
816	2662
837	1708
5333	4116
5929	2337
5930	2337
1942	765
2064	765
2518	765
2585	765
4046	4128
5508	4128
5733	794
1425	4123
2819	4123
4305	4061
4272	3184
5607	1986
5623	1986
656	5394
4030	2285
2027	96
3308	4144
909	3637
1601	3637
49	3125
3083	2795
634	5175
5851	4129
4530	5348
468	2302
4483	2302
3474	3632
2629	1970
5294	1970
4007	3677
239	3762
1138	5047
2685	3965
5675	2705
946	4221
1303	1301
1124	4058
487	3852
5622	3852
5152	2746
3213	3571
3252	3571
4037	4295
2995	4754
3375	4754
2006	859
1816	4207
3842	5271
5269	370
4200	1016
379	827
2190	827
5659	827
5659	827
5659	827
5659	827
5659	827
5659	827
5659	827
5659	827
5659	827
5659	827
5659	827
5659	827
5659	827
5659	827
2285	3721
5859	1961
4986	1102
3481	3281
648	3099
5646	828
3636	393
445	4794
3041	4794
3055	3288
1184	2082
3094	3406
3706	5212
925	3054
4553	3054
1999	732
1513	4762
2004	733
3426	733
4477	733
5361	733
5707	733
5631	2188
1502	5029
3232	5029
1348	1394
1071	2760
5907	2136
5238	1302
1762	248
4774	2467
4457	4618
4711	4618
1341	3635
519	375
2335	432
2875	2995
4113	3296
4422	892
3266	1423
1270	2546
5941	2876
391	2290
445	4592
1044	3174
2962	3174
2864	4388
5787	218
5945	4441
1511	5232
2013	5232
3099	5232
3391	5232
3708	5232
4958	5232
5035	5232
5108	5232
5302	5232
5479	5232
846	1899
1469	1899
4559	1899
2848	3966
4514	3966
2600	5176
5515	3004
5667	4364
2140	5302
4142	5126
430	3672
4725	3672
5161	5052
1096	1426
2984	1426
3381	1426
5622	1780
5634	4807
3883	4163
5948	2547
3416	3593
776	135
5498	135
5983	2596
1153	1178
5597	1178
5914	1178
3164	1432
1389	5321
2259	3109
5299	3109
4804	3616
5060	3155
1005	229
4102	2663
1700	2169
5036	2169
5667	2169
5380	3011
462	5071
88	1680
809	2496
3154	4251
351	260
435	4745
681	4745
1993	4745
2761	4745
4663	4745
4853	4745
4872	4745
2248	533
199	764
1070	875
4831	875
2025	1242
4281	1242
5802	1603
2677	4434
3178	2343
1202	663
5984	3055
4122	4924
4856	4924
3734	4365
5298	1616
509	3154
2648	600
3879	600
4736	5162
1509	66
5530	3967
1935	780
3944	2195
1128	3166
1877	3166
3746	3166
4841	3166
3975	3349
5652	3948
4487	265
1160	2116
3941	2116
1451	4820
4454	1841
2343	3625
4383	5258
5140	5258
831	635
4739	635
1112	4810
535	13
1500	13
5579	4319
5894	4319
2982	2736
923	769
5773	769
1537	2303
534	1229
1418	1229
2135	1229
3920	1229
5614	534
5660	27
5855	3538
5250	2548
5856	664
256	249
3150	249
5568	4776
5659	4776
5659	4776
5659	4776
5659	4776
5659	4776
5659	4776
5659	4776
5659	4776
3467	1065
5800	2344
5800	2344
5621	2304
5885	2304
4783	2196
1950	924
3048	3151
3750	1446
269	2967
299	117
5319	1480
881	4630
204	4732
3281	5387
4836	4139
2628	3839
1196	3217
2430	3217
2531	3663
4670	4112
643	3386
3827	0
4483	0
5774	2114
5137	1741
2978	2722
1482	1230
1517	1730
3828	2497
4918	20
4486	2938
5587	1983
436	3253
3992	2164
5914	608
5948	608
5063	690
181	3421
1722	3421
1723	3421
1724	3421
1293	5053
2837	5053
301	2353
5268	3047
841	928
5567	928
5749	2593
5749	2916
5470	4899
1977	1987
4386	1987
5599	549
45	261
1758	1636
4683	1636
2120	3075
3370	3075
5774	3075
5763	1669
2101	2604
1886	1307
1510	71
1507	798
5081	798
4280	2549
5868	136
5641	4244
3601	146
4815	2370
5578	2370
5775	2370
453	697
5986	697
3839	609
5702	1017
3686	368
2367	2383
3583	2633
2375	1617
4062	1617
5983	1617
5821	1757
5849	1757
5875	1757
1718	1607
4766	1879
5817	1879
22	2609
3183	2609
4354	2609
4489	2609
2333	964
1318	360
2264	360
3042	2498
3948	61
3739	2077
414	2909
5617	4406
4108	3056
5989	4252
2992	1280
5628	847
4253	646
2511	626
2882	626
4008	3096
1921	3886
580	2697
5349	1439
5497	327
3772	4920
4588	4920
4694	2944
2604	1831
797	3539
3693	3539
5659	829
5659	829
5659	829
5659	829
5659	829
5659	829
4930	629
5765	854
5847	854
5914	854
3023	4253
755	3426
5710	699
5606	1813
5948	4948
5597	4026
5914	4026
3326	3152
5575	3968
5655	3968
298	848
784	3297
1936	3297
1990	3297
3981	3297
5540	3297
2507	4965
5426	680
757	497
5626	883
3044	5127
650	4366
4602	4366
5096	3623
4892	1290
5700	2810
478	1469
1888	1469
2241	1469
1416	2738
360	767
3274	767
2374	1033
3965	2019
5217	3631
2030	3254
2255	2028
5201	105
4213	16
5762	3868
4322	67
5659	67
18	3018
5946	3559
5209	3196
960	2499
960	4508
5396	2305
5062	1671
4045	4642
2620	4900
4194	4900
5083	4066
5576	611
2895	3019
5917	2500
549	5157
445	965
3618	346
4018	346
5948	809
5979	4315
3671	5248
5932	2901
5841	4936
2041	91
5960	1058
765	2328
3823	2328
4111	2328
3260	3652
2581	4746
5836	2455
330	714
397	714
1853	714
2477	714
2717	714
3787	714
3840	714
4828	714
5141	714
5149	714
4573	519
3640	2550
46	1900
2915	4401
484	2501
2798	4196
426	5259
1668	660
3648	660
4387	9
4939	2828
5314	1953
3533	3340
2280	3708
2280	3708
5047	5081
1939	3955
4112	3955
3946	1525
1166	3869
5659	2306
2225	2869
5011	1885
5514	3504
5897	3504
2897	5136
5239	3817
4327	4504
4727	3531
2183	296
4090	214
5614	3682
125	1988
993	1988
2763	1988
3692	1988
4122	1988
4964	1988
2310	180
3473	3135
4050	2039
4906	4571
5839	3525
5934	3525
4446	3342
4289	475
4329	475
4026	4937
4403	1292
2885	1098
1988	4813
5775	630
5948	630
5887	1724
5244	1126
5821	4662
4074	4108
3089	2391
4718	2167
3503	860
1282	5064
1365	5064
1804	5064
2361	5064
4181	5064
4587	5064
5307	5064
5771	1135
5903	97
4990	2017
275	2257
1577	4932
5142	2454
5442	3624
2664	3828
3547	158
5571	409
5578	409
941	822
2298	822
5415	822
3072	1125
21	1272
2435	1272
1838	1613
5775	1613
2812	1922
2868	1922
5404	1922
3453	2837
2012	3449
4362	3449
2771	2933
518	4957
1033	4957
5328	4957
2107	3317
5934	2576
678	862
1592	36
1899	2623
2472	2623
3611	1454
441	173
4657	173
3670	1258
5668	3338
1846	1085
1190	2664
474	3062
387	2897
1055	2897
2079	2897
72	2648
5560	3156
5957	3156
5234	5075
4180	3407
4448	5084
4269	3459
1127	1308
2368	4067
2997	4067
5659	4067
5659	4067
722	2681
956	2681
652	4024
4397	4024
683	3962
2884	3962
1049	3887
2066	564
857	2914
3998	3683
4926	641
5775	2250
4475	3090
2053	2597
2258	160
575	995
647	995
1966	995
2327	995
4825	995
5359	4367
5789	4367
1802	1231
2168	1231
1140	2735
314	3175
625	3175
2057	3175
5861	4951
5928	4951
5923	2262
5981	4835
4144	1546
1799	4136
5065	3017
1659	3150
3307	509
3773	509
4976	1261
2872	1693
1965	5292
209	4763
2948	5293
5700	3194
723	808
922	808
1064	808
2918	808
3162	808
3579	808
2598	3460
345	1470
1154	37
5765	3461
5847	3461
5984	3461
5949	4790
315	1293
1698	1293
1840	1293
2414	1293
3896	805
5471	805
674	1722
5934	1722
1320	45
5575	457
1681	1962
70	1700
1549	377
5678	2459
3440	1157
5303	1150
5908	2896
539	4192
594	1142
5934	1142
927	3408
1930	3283
5667	4509
5775	4509
5799	4509
4706	872
4751	873
3949	2151
3079	3764
5840	3764
708	656
753	656
2854	656
2903	656
4692	3505
5882	147
1085	1380
3117	703
4639	944
5633	866
3442	3373
5596	1309
4524	5316
704	4769
5834	2345
4068	1731
1455	3667
3423	3409
4434	816
3729	1701
268	1471
2098	1471
2974	3168
5586	2288
5669	3020
2767	2170
4235	2170
1616	4068
4116	4068
47	4223
854	4223
2981	4224
3548	4224
3924	4224
1732	4222
2139	4222
2314	4222
3548	4222
3816	4222
4684	4222
4749	4222
5233	4222
5261	4222
1110	4391
3384	2599
1475	1250
1911	1250
2316	1250
2622	1250
193	830
3187	3119
3789	4368
2877	3160
1944	576
154	4538
3351	297
1688	911
3973	2119
5146	752
5423	2252
1795	1742
2392	1742
5694	5022
4802	4086
5700	1940
257	2035
556	2551
1590	2551
5617	4001
2308	4808
1529	4925
4003	4925
4683	4925
279	3574
3056	1294
4664	1294
5174	1294
3161	1143
3891	1143
5784	1565
5891	612
2797	3609
5659	2355
5953	2355
5006	2619
16	4530
4743	904
5979	904
1738	213
2900	213
5670	1047
2114	5137
3016	2216
4088	4768
3409	1971
4364	3710
2846	4034
5895	5310
504	1459
2109	2692
2423	2692
5676	3670
1701	4417
3212	4417
5489	4417
2655	3719
2891	3719
3200	5233
2852	5097
5955	4651
1104	1713
412	3139
1094	2878
929	106
5058	2087
5058	4519
4041	250
5524	250
1387	1381
5715	1381
4700	5138
559	4740
1580	4740
4736	2971
5357	1358
663	1383
671	34
896	2220
4699	5044
5787	3318
1271	3265
2993	3777
5127	3777
2243	4916
3177	4916
2286	831
5889	1402
5907	1402
1030	1107
5029	1107
338	222
1167	4952
5574	684
1189	688
954	148
2449	3654
83	3835
3667	4557
4623	3123
5477	217
1007	762
1008	762
1873	762
2842	762
2886	762
5428	762
3592	916
1327	715
2017	715
3872	715
5950	149
300	3440
5634	2426
5979	2426
3262	781
670	1963
2735	1963
1865	380
410	754
1499	754
5365	266
5719	3076
1528	3140
142	1285
2500	2448
2558	5139
440	2396
3678	584
2498	4601
4734	443
858	4069
4292	4069
480	4320
1113	4320
3100	627
2385	3024
1284	2620
1607	3025
5789	4761
5402	1637
5308	1852
1882	4733
5983	3602
192	3309
3482	5330
2247	2755
1618	5371
5932	867
3559	1209
3296	3224
3915	5203
2921	814
794	2069
1754	2069
4517	2118
2874	5335
4091	5335
4191	5335
2283	3372
5984	3372
2495	5100
54	5325
473	5358
1613	1672
213	2307
1893	4780
4579	494
4011	681
5531	681
4876	4912
576	4457
5528	4457
114	62
2977	62
4438	62
4784	62
5248	2183
4759	5341
3347	5366
5934	3888
262	3665
2841	3665
3713	3319
2563	3618
3875	3618
5045	3618
1874	2090
5326	945
1141	4254
5393	2794
5916	2794
1079	1569
2406	1494
2044	1789
2730	2254
5984	2254
222	3003
2357	3034
2778	3034
5773	3034
5773	3034
4829	4728
5951	3583
4158	2062
4153	4211
3094	3410
805	230
2657	2221
4355	4966
4356	4966
736	5234
1595	5234
375	1068
2026	4486
4467	4515
4480	4515
4525	4515
5343	4515
995	1276
996	1276
2023	1276
2125	1276
2976	1276
4705	1276
5022	1276
405	1244
2328	1244
4295	1244
5768	1244
1242	3411
3427	3411
5338	1842
1053	4321
1236	884
785	4225
2381	4225
583	4749
538	1350
538	2480
5978	1499
750	3711
1525	491
607	770
1083	1024
5894	1690
914	3766
1169	4804
4576	73
3497	295
5659	2351
4887	3275
677	7
5962	466
972	743
2116	743
5832	2603
1612	1161
1839	2463
1868	4289
982	2256
3980	1253
547	2610
98	3097
967	3097
4956	4989
1548	4322
5640	3560
326	1403
988	1403
4873	1403
5642	1403
4605	771
3065	4095
906	3169
4419	3169
5585	3169
5680	3169
4794	2997
4910	3750
2856	4255
3102	3191
2226	3250
2393	4256
4085	832
3552	3651
5335	2911
5914	4983
4764	3579
3292	1374
5634	2253
5949	2253
346	3561
2059	3561
2979	3561
4013	3561
5523	3561
2704	2171
4996	2171
5765	2258
5949	2258
4955	462
1106	87
5775	87
1830	2858
844	3346
5638	3350
485	1649
2081	1649
4338	1649
5840	1843
3386	2192
5775	2192
5932	2192
5843	2612
688	3393
1394	4383
52	4828
5667	2470
5819	3697
1676	613
3317	4652
4555	4652
3369	1440
618	530
880	530
3165	530
5662	530
5785	530
5785	530
5706	2371
2281	2502
725	4442
38	2088
238	2634
5886	2634
4095	429
4203	181
5940	119
1681	2460
5667	734
5765	734
5949	734
3581	3462
4390	3462
611	3116
3408	3116
1214	2503
1497	691
4630	4323
3376	400
4785	623
271	3064
2426	436
5400	436
248	1333
185	118
5584	118
3411	1404
3701	1108
5849	410
3964	1654
4199	3940
319	5385
5634	3824
5923	3824
5923	3824
5923	3824
5923	3824
5923	3824
948	3228
829	4070
5608	3548
5667	2402
5401	3563
4898	5028
1371	966
1129	3909
1274	3909
4296	3909
383	4248
426	1618
2486	595
5934	1481
5667	3694
5775	3694
767	5200
4207	1200
2719	381
5914	463
4231	1493
1040	3259
1844	3259
4761	3259
5659	3259
5659	3259
5659	3259
5659	3259
5659	3259
5659	3259
5659	3259
377	5202
5297	3167
5775	4257
665	194
1383	194
3053	194
3354	194
1975	716
5816	4420
5787	3214
1994	1131
2014	1131
4834	1131
3105	4062
3557	3463
5716	967
4851	2056
5576	306
5802	1127
3515	1619
957	968
5869	968
5984	74
5914	92
5769	2438
549	1069
3487	2222
5279	2222
35	543
3192	3553
119	3598
1075	1291
2208	1620
3844	3320
1400	2128
4827	2128
407	2184
3582	2184
5028	1773
5614	4549
1627	4291
5386	779
4202	1389
4069	1989
3668	3969
1646	5272
76	207
3080	207
5375	207
1457	922
1851	922
5579	2263
5950	4748
448	3464
715	3464
1234	3464
1515	3464
1620	3464
2820	3464
2905	3464
4119	3464
1399	3238
5802	369
2800	1
254	3889
5010	3889
5750	1503
4544	2032
1667	3844
4197	3844
5661	3562
5795	3562
211	833
5545	833
3937	1901
4680	1901
4960	1901
2881	1921
5669	492
5571	531
5878	531
5903	531
2269	1737
1427	1448
3401	1740
267	320
221	3028
3813	3028
2347	1083
4651	910
1803	5083
5950	2030
3514	5378
5769	2468
3569	236
2570	5322
3933	3383
5717	3934
5571	3443
5578	3443
5748	3443
5775	3443
3561	1662
3647	1662
1890	2346
3661	2346
5956	4426
4777	1073
4134	2475
2181	2645
5944	2504
2342	4838
2063	4156
3970	3668
5441	3668
5834	1725
5588	2008
5914	2008
2772	2505
2986	2505
610	1045
4744	2034
2619	737
5988	2057
2971	3780
181	3141
5578	2278
5720	3712
5228	2552
5629	2552
2967	2611
882	277
3590	277
5073	277
4993	394
5872	397
4315	464
5789	1018
1639	1060
3556	1060
1501	2255
1779	3519
759	4421
2484	4869
218	5042
311	5229
1369	4953
1396	4953
3925	4953
1477	2161
1956	2161
2705	2161
3199	2161
5578	4507
102	3104
368	4369
513	4369
1858	4369
2145	4369
1913	416
5197	2696
5525	2696
2387	2638
2824	1378
184	4183
2959	330
5177	1718
384	4187
4405	4187
1244	4436
2267	4436
5505	4436
4935	190
1505	2197
930	3188
939	3188
1436	3188
2808	3188
3790	3188
4908	3188
707	3412
1628	1536
4919	1536
2185	2360
1542	1219
1146	2706
1585	2706
1767	2706
5229	2706
5946	2368
4063	2055
1419	2679
2416	2679
5241	2679
5642	4184
292	3057
5659	1055
259	4324
799	4324
4000	4324
398	717
5189	326
1266	1356
5178	1356
3681	1744
2197	3374
3245	3374
2862	2308
3450	3413
5393	2486
227	5264
4720	3189
4264	4325
1124	1097
5056	3230
1533	1433
2540	4091
5690	2309
4051	782
5024	5129
4061	251
912	107
3573	107
5200	107
2566	4606
2807	467
424	468
1828	468
3121	468
1217	2223
762	4967
4947	1964
5659	2361
3362	1188
5632	287
3174	4240
369	834
992	1232
5984	1232
1173	1134
5412	1134
5983	1134
5780	3210
3675	331
3881	331
4414	331
2750	3722
3035	5031
405	1856
3314	1856
3506	4510
961	1447
2745	1447
4962	1447
5166	2310
220	3414
1143	46
2883	3578
4404	3578
5490	3578
1737	1758
4024	252
5191	2471
2299	844
2611	2120
357	5027
1440	5027
2415	5027
3446	5027
597	695
1815	695
3015	2639
2756	2198
5458	2362
5808	3351
5919	4534
4029	4198
1355	1866
1788	1866
2937	1866
3310	1866
5794	5205
312	2199
5599	946
1380	1295
5064	363
282	1889
4729	2300
5485	2300
926	3227
1703	3227
4160	5050
657	2747
1490	951
2187	1541
1854	2040
2065	5072
2412	498
5144	498
3770	3428
4351	4968
4396	4968
5114	4610
1077	1352
5443	969
622	1405
1183	1405
3551	3266
721	2775
1996	2775
4791	2775
5579	3394
2514	2086
2765	514
579	4969
2280	3730
3751	4750
3134	5041
5571	544
653	677
2467	3592
1515	5235
2208	5235
5735	5291
2421	5114
1446	433
1473	1233
1981	1233
2434	2606
4360	2606
2753	4245
2860	1089
4835	1089
2238	4326
2635	4961
5705	2146
1538	2893
4667	133
5864	133
5980	133
5946	442
3738	851
1947	1495
5961	1306
5914	3026
5984	3026
3481	476
5914	3027
4988	3352
5829	3557
445	4520
1637	4520
450	2416
5194	1357
5667	1051
4886	4258
5589	4258
5914	4258
5984	4258
5777	2172
2280	3365
5715	3603
5715	3606
5715	3606
445	4759
1056	126
3273	2264
5773	75
5697	3741
5700	5222
1735	1766
1768	1766
3355	1766
5774	3731
890	4370
5895	4938
2437	5265
5948	2912
5802	4443
331	4327
3886	3540
5659	3540
1210	4751
1998	947
3328	382
5908	1064
2459	655
2128	2827
2045	3870
4016	4633
3057	332
2134	996
2724	4846
2606	2311
3125	3890
965	308
2443	308
3191	753
5775	753
5917	753
5949	4795
5979	4795
3059	108
1294	3800
2324	4444
5787	1027
5653	4046
141	4892
4658	4734
1665	3535
5872	3818
908	3970
3067	2418
3068	2418
5571	1052
1583	2506
1625	2506
5622	535
5667	535
5949	535
5588	957
1180	1687
1907	1687
2700	567
5782	504
4844	1171
2406	4027
4885	4328
545	4625
3524	4625
5950	4210
5739	997
4674	2915
5429	2915
5430	2915
5431	2915
3578	3532
4592	3532
3160	1461
3361	2295
3804	1462
5966	1462
442	98
5569	2830
2265	3278
2340	5311
2899	4841
1678	2294
280	4570
577	2772
769	2772
1181	2772
748	204
2019	204
3321	204
4710	204
4863	204
5352	204
1024	4329
5809	4628
3017	1835
5948	2507
94	267
3430	2652
188	2665
1203	2665
2272	2665
3418	2665
4416	2665
5227	2665
5642	3575
5774	4871
1914	2280
3272	1396
1626	1545
3210	439
2047	970
1157	5274
2080	5274
2762	5274
5306	5274
5950	4035
105	441
264	441
2169	441
3810	441
5863	4041
5086	858
5555	333
4250	453
4143	1810
5582	3644
5908	1564
1941	1915
2003	1915
3786	1915
5091	1915
5366	1915
2417	1979
3290	1979
5076	2159
4628	4540
595	5177
1336	5177
4881	5177
1241	5178
1304	5178
1477	5178
2733	795
5235	234
215	3805
2770	868
4307	1346
263	3216
5668	3761
381	5163
3845	4259
4004	4124
1579	1341
3520	3882
1586	1933
2444	3580
1451	3368
4689	1034
691	1902
5578	2265
5658	2999
5667	2999
5646	5374
2830	216
3852	2998
1248	395
5667	4013
5667	4013
5667	4013
5667	4013
236	4371
2642	2292
1426	2687
2062	2687
3034	2687
4928	2687
773	3415
3413	3415
5363	3415
1002	2140
2972	1449
2089	2089
4472	2635
5683	4880
2302	2939
5817	2939
1260	1176
2545	1176
4236	1176
1465	1323
5399	1323
5310	3642
4769	4926
176	971
5284	5224
1254	1324
1725	1324
464	2553
524	2553
949	2553
1734	2553
4064	2553
3088	240
5179	3353
5668	3353
758	4330
3719	4330
4916	4193
1301	5036
2229	5036
3658	5036
5556	5036
893	5038
419	3775
1142	3775
2596	3775
1319	2440
1897	4137
2701	4137
74	2508
584	2508
2436	2508
2532	305
4809	2200
5715	2200
5715	2200
5129	3811
5537	3811
5576	1673
2858	1903
1987	2041
1317	2769
666	2666
5542	2843
5739	526
5841	618
97	1522
2734	1522
3722	1522
3723	1522
3724	1522
3725	1522
3722	2476
3723	2476
3724	2476
3725	2476
5344	2476
5603	3398
5611	4237
5883	4316
5602	665
2529	4637
2531	4637
5913	3285
4653	1862
4060	5179
2377	2490
5071	2490
1936	121
3339	3170
1948	3610
2383	3610
4632	2413
2832	3312
1367	4071
1424	52
3385	1904
5775	1904
5992	1904
4263	2782
2743	2427
619	4300
3904	3298
5087	2900
4192	4060
628	3272
3622	4209
4052	4407
1573	2763
5660	2763
5660	2763
5660	2763
5660	2763
2387	5060
3791	3723
5603	588
5709	588
5934	588
1324	2554
1563	2554
4054	2554
324	15
609	1265
3340	4331
1772	2555
1456	2072
2161	2072
5483	2072
3114	2291
5183	1182
1903	2111
4481	2419
5917	1245
4363	4118
4606	4670
5220	817
173	1390
1836	4020
3333	2757
3082	3630
4650	3082
5841	4105
5917	3444
3907	3201
1428	425
5967	2653
3405	700
61	1362
5203	1362
3572	35
2746	2423
3127	3261
3435	1288
4867	1288
1004	4165
4342	4165
4415	4165
738	1745
1776	1745
5659	1656
5659	1656
5659	1656
5912	3724
4399	2674
5667	3447
3910	2677
4067	1732
4277	3000
2945	3857
3919	3857
1182	3142
4946	3142
904	2356
1841	2201
3149	2213
5188	3736
3642	929
5852	929
5698	3112
2781	3732
1	3686
5774	4796
1390	3299
667	3465
593	4576
2906	4720
2512	3437
2575	3792
5320	3792
5533	510
5534	510
868	109
5918	378
5807	4433
4547	4889
4893	4889
5567	4889
17	4385
5802	3093
5309	914
372	1621
1373	1621
3659	1621
158	2439
5109	5007
3304	361
4008	1109
5842	4998
14	3910
5230	1074
4135	1572
2652	4332
1432	3048
5202	3048
0	958
458	958
2142	958
2199	958
2546	958
3101	958
3488	958
3682	958
4566	958
4883	958
2714	3432
953	4260
1246	4260
3198	4260
4005	4260
4412	1243
5046	1243
874	5086
3997	5086
3439	589
5634	4431
5739	861
5588	4914
446	63
1035	4333
835	122
3871	3949
5578	2478
5622	2478
358	3300
2640	821
4715	5140
915	2242
302	1657
3808	4107
4313	294
126	2654
5993	2654
5009	2424
5164	2683
352	2688
1252	1816
4677	619
392	1441
1823	1441
3247	1441
5028	1441
1029	2058
3788	2058
4666	2058
1641	2556
4189	4036
137	4487
2016	5213
2907	1354
2638	5180
4002	5180
3250	4949
3838	4984
5225	4984
1074	2689
2271	1190
5665	2509
5576	3287
5739	1980
336	3098
2141	3098
2797	3098
4162	3098
1500	3767
3391	3767
4788	3767
616	4028
3077	2224
13	580
4377	1367
5281	1367
578	5169
3030	5169
4141	5169
4452	5169
5667	4334
5836	2649
81	1709
3676	3384
1051	1532
1093	1532
4746	1532
5565	4721
5881	4502
5840	4636
4359	899
3672	998
5660	998
5660	998
1080	2510
3530	647
78	4712
2022	4712
3855	4712
4614	4169
1532	1923
3673	1923
891	2225
1863	2225
4349	2225
5571	2225
5927	2225
399	1251
3860	2667
2043	4781
5850	4781
2853	4246
4914	1984
1442	2484
2969	4933
5775	625
1145	3639
5775	4668
543	2063
3491	2063
3531	2063
5517	3634
5667	2372
3462	3176
1001	3884
945	1552
5712	1552
2932	1893
682	3117
3204	3117
978	718
1782	718
1221	3354
1311	3354
3331	3354
3336	3354
604	5236
2355	5236
5689	1189
5910	1189
1597	2926
5900	4643
4287	4671
4709	3370
5934	3878
5288	2283
2090	648
3519	687
5511	1544
3227	1927
3996	1927
5983	5237
843	3416
5659	3416
5586	2883
3244	4335
349	2930
826	2930
2083	2930
2389	2930
2597	2930
5447	2930
1811	2783
3394	2783
5898	2783
1769	4634
887	3162
1483	3162
5960	3638
1997	4591
695	208
1796	4714
2625	4714
2968	4714
884	2761
1495	2861
2138	5331
3388	5331
813	2898
2088	5181
3305	5390
3151	3399
5700	1954
1721	565
2560	565
2672	1597
2782	3355
5421	2434
2561	5046
1524	4849
5163	2173
62	4782
603	3066
2481	3066
3759	5063
1223	1156
3536	2737
4271	666
3496	1213
5873	1213
710	130
3158	130
3731	4518
1705	3947
822	2481
2774	2481
4334	2481
4617	683
5940	3698
3043	1095
5631	4477
5674	1365
2237	1053
5984	215
4406	4188
4499	5249
4146	3454
5569	3233
551	3262
4127	4722
2184	1372
5010	3036
918	4879
3863	4879
2626	4653
4558	1905
5599	4458
5960	4458
869	1853
3480	4479
3113	4241
855	746
5078	746
5373	3147
5685	4072
2823	1340
2870	3270
5634	5025
5799	5025
2303	3163
1910	3747
2093	3747
5618	4073
1927	4408
3745	4408
3796	1214
3447	1719
5245	99
1003	478
2322	2141
2487	2141
1087	3891
1900	1553
5113	401
5321	2940
1334	426
1636	426
4626	426
2517	1968
1771	633
601	4901
2554	5069
5913	1664
5982	3417
5575	3506
5481	4648
1302	1515
1983	4533
5765	5238
5571	1781
192	4092
686	4092
5926	863
2332	1591
596	2978
4656	2978
402	5102
1364	5102
5529	5102
1707	3402
4800	3725
546	2388
1447	2392
3280	4308
2541	4023
4810	5312
3679	719
4871	719
1995	88
5615	88
4613	593
1168	1310
3421	1840
3698	3356
5915	3356
4771	2941
4492	5004
5576	40
703	4125
2956	4125
3324	3650
1582	5239
1023	1019
341	4309
958	4823
849	1818
1574	2511
3471	2511
3942	2913
459	408
5799	5077
5802	2084
5575	183
5532	2809
5900	783
245	3271
1787	2668
2048	550
886	1455
5237	1455
5804	505
5804	505
1733	2312
2742	2312
2989	1442
699	3291
2023	1137
5910	3321
5817	3400
481	3080
2835	3418
2870	3418
3450	3418
1602	2577
4807	4089
5180	4424
2999	3849
3449	4654
5680	2350
4222	1377
2370	3153
4152	4655
5872	551
3850	3451
4380	3451
2847	2174
3288	2174
4852	5276
5596	649
2739	2373
5632	4445
3832	2720
139	1075
3309	2512
344	650
5596	650
4262	4619
4344	2226
5614	552
4513	4999
2744	2964
4890	2964
5950	76
5628	4460
3795	1935
20	127
205	4440
1420	4440
2364	4440
848	5096
5719	1059
5332	3083
5367	3083
1397	5051
1375	517
717	620
5571	620
5571	1050
5690	1050
5278	2873
3762	3333
3720	3507
3982	4372
5789	4372
5857	4818
5715	835
590	4744
649	2557
936	2557
1277	738
959	3466
5659	2339
3257	2788
4073	2788
2422	553
4245	353
5835	4511
4920	188
4676	1206
5209	1453
3407	110
4738	4753
255	601
5575	601
5659	1674
5731	1674
5683	3255
4563	1101
5464	2450
5934	4430
1747	5260
2176	5260
3953	5260
4537	5260
5688	5260
4571	745
4506	2340
2431	4439
3749	1444
4509	4047
1377	4074
2432	1726
4943	4075
1798	456
5603	594
4601	3039
1605	1529
3238	2655
3419	2655
1213	5182
5571	150
5654	2936
332	2277
2148	187
3485	187
4385	187
4413	187
31	1819
1847	999
5985	4985
2394	65
751	4970
645	4336
3092	1281
4430	1368
2879	5033
4556	2
2751	651
709	4656
1518	4656
3623	1925
3995	1925
4985	1925
3508	268
5603	2884
5992	1582
5992	1584
1329	742
323	905
396	905
1331	905
1393	905
1749	905
1785	905
1856	905
2251	905
2910	905
3047	905
4100	905
4444	905
4488	905
4857	905
4967	905
5360	905
5425	905
668	1246
2555	1791
171	123
5957	972
1215	4076
408	3713
506	3713
567	3713
1278	3713
2522	3713
3031	3713
4621	3713
5426	3713
2793	77
5983	772
5659	3145
5659	3145
5659	3145
5659	3145
5571	1020
5932	1020
2000	1144
3025	4958
1748	3041
1803	2513
3322	2150
5964	2150
5668	4462
4900	1803
5547	2313
4816	4037
109	237
2465	1811
1649	2650
4151	2650
5494	2650
4153	1482
5975	31
3794	4551
3777	4484
5106	4484
726	5056
5308	5056
1179	1163
2711	3911
1068	2514
2050	2514
5475	1516
1541	4226
4757	3944
2159	4589
4636	1714
1548	4833
3185	4833
5983	4833
5504	2109
3269	3737
522	2122
5669	1289
2191	1328
1661	2491
4591	1472
1645	4990
1131	3239
4665	2669
3674	2690
4768	3467
5932	259
2450	362
2845	334
1194	4337
5981	1566
3633	4783
5295	4783
4716	3971
1285	1424
1591	253
3400	2067
698	1286
1267	1286
2084	1286
4101	1286
1866	5377
1265	1296
2460	1347
3571	1347
1309	784
5700	784
5915	3785
5573	3121
5836	3121
295	4731
1710	4731
696	351
1412	351
1561	351
1742	351
492	3131
2214	5340
5942	1342
3259	3508
4211	3648
5457	3648
5538	3648
431	5278
56	4558
3282	5357
5378	744
212	4038
327	3776
1137	2117
623	3892
1523	4090
4217	4090
1165	3223
3299	4565
4641	4824
4632	3229
5956	4168
3897	1838
3341	3599
1693	1334
5753	5360
2614	4741
2609	5257
4833	2175
203	2698
325	1959
1852	167
2787	167
3902	167
4837	167
4850	4002
414	4384
3527	1174
2051	939
3591	939
2916	2176
2508	3010
5739	201
591	4338
95	1573
2766	4339
2663	1000
714	1717
1817	1717
2829	1717
1028	3714
2679	5204
5747	2243
3550	3198
676	2600
5312	2600
4099	2614
26	78
5764	78
4500	4446
4504	3001
4830	4971
2428	2435
5424	4404
5675	5250
4879	590
4862	1166
5743	4635
3037	4604
444	2031
1066	2718
5371	4422
632	4427
4842	4427
5923	4427
1150	1001
2935	1029
5136	2803
2613	4853
4484	4853
2706	5073
5101	5073
96	4232
3490	2515
3929	897
3654	1483
5667	1916
5847	1916
2769	3334
5948	1788
5720	2387
5926	810
5120	1928
5984	1928
5992	1928
1049	5195
3311	5275
4741	4340
151	2831
5708	1574
5708	1574
5708	1574
5941	1574
5932	973
5785	1580
5785	1580
5785	1580
5785	1580
5785	1580
5950	1580
4735	2860
2684	2155
1809	2949
4227	2949
1709	4564
2737	638
3289	638
4348	4559
373	4673
2280	3105
1861	1906
5841	3972
1289	2279
117	1972
4367	1972
4382	1972
5387	1972
4240	2840
5813	4212
92	1081
5700	1081
1239	5288
4717	3973
1653	313
4590	4764
5667	3715
791	1351
970	2042
1828	5226
5667	2384
1101	4261
1283	2158
1098	4706
1564	2558
2890	3509
5578	2227
3764	4959
5774	2228
5948	1948
5949	1948
477	1560
5800	1560
3984	300
4949	1311
4561	974
5588	4298
5965	4298
2539	2847
4767	2847
1992	1867
1687	4227
1018	4825
3859	511
4174	511
4221	511
4652	2989
2463	3357
1587	2266
5973	3803
3974	1802
5984	1802
4460	2267
980	4797
2023	2707
3742	2707
4072	2707
4870	2707
2086	1044
2723	1044
899	2559
2345	2559
3504	3164
4234	3164
4864	5230
2674	228
3603	417
1486	1420
3717	1420
1228	241
4471	241
5915	2451
1335	5304
3891	2640
3124	696
3313	696
2443	2578
903	614
1870	2829
5516	2829
5700	2829
2108	4784
3066	102
5119	102
521	3329
907	3564
2728	343
5584	1817
2164	2094
2346	4480
4417	4991
2817	1681
705	3943
4402	3943
1363	1093
4981	2781
1567	4228
4126	4228
4549	2787
4019	2560
872	5206
5680	5206
153	2626
2970	2626
2654	1767
5407	1767
4974	1514
4395	3108
876	3021
3494	1880
5984	2420
2988	799
3657	314
5304	314
3495	243
4278	4620
1960	5343
3945	2043
5739	269
2996	2516
5730	3468
3012	5215
941	1655
3071	1655
427	2244
264	4394
1096	4394
3847	4394
2050	4398
2527	4730
2813	4890
3226	4944
2651	5196
4742	383
305	1025
1092	2994
2783	2994
3027	2994
3311	2994
3432	2994
3969	2994
2707	1943
5768	384
4038	4341
4498	2870
5557	1832
4765	5014
4772	3794
5102	3794
5248	3510
3760	5018
2483	3087
2931	186
3624	186
3580	4541
5802	2421
5802	5065
2893	532
5571	5099
5948	5099
354	2992
3118	3589
4999	2390
5657	800
1487	4179
5667	3523
4247	1343
2354	1508
4901	1508
4693	1141
5793	1820
1905	2059
3869	3511
3465	1215
2235	2107
2524	2260
4824	2260
1664	1859
5883	2456
4565	785
5880	4428
5914	4428
5739	3584
4495	3584
2547	44
1644	1254
1102	479
5088	3954
3256	4765
3516	209
1674	2137
4732	2137
5048	2137
5275	2137
5898	2137
1662	1883
5622	2910
5662	2910
556	4955
5634	4955
2074	385
4929	2561
544	4785
5825	4437
136	1175
1555	1175
2046	1175
3378	1175
3848	1175
3523	2405
5619	3661
421	4684
5774	2894
932	3063
2058	3063
517	2261
2136	2261
2528	2261
3800	2261
1121	4397
3251	4397
3831	480
71	79
4473	79
36	3146
5192	3146
2112	5350
497	386
1280	386
4042	386
3129	2202
5622	1066
3629	4310
5595	1273
2582	302
4098	1002
1485	4488
1185	4597
3528	4597
1766	5273
2975	5273
3153	5273
4847	5273
4991	5273
3390	1030
1652	1322
1945	2517
2042	2518
4025	4262
4015	2349
5677	5376
4123	3619
178	2605
5622	4208
230	3240
3748	3395
5802	536
592	2562
585	2895
2764	2895
3923	254
4543	254
2708	5223
5038	2177
5937	197
4569	5251
4740	1312
5932	2519
343	4587
5418	4587
2851	3912
4714	4018
5564	4018
5948	4018
5956	4018
4392	4021
5329	4373
5667	4940
530	2004
5410	3029
5211	686
2323	3429
2731	3716
2964	596
389	3913
4832	1907
1660	4470
2950	3674
1281	5201
4712	5201
1090	2563
5774	3358
749	889
4924	735
1381	3974
1411	4469
573	3581
4507	1325
1720	21
1753	5294
4866	3241
3545	4870
5044	4870
5714	3576
5903	3058
654	2784
1342	2952
1677	2952
3484	2952
4183	2952
2849	3628
99	3572
5990	4847
5913	434
2124	4798
3284	2452
5854	5152
3962	5225
1666	3594
5492	3738
3156	2984
4369	2984
1670	4694
3455	4694
5952	4906
1262	3339
5601	3469
1225	2022
3563	2022
5446	2022
5551	704
2799	2520
3898	2520
680	4147
916	4147
1159	4147
2933	4147
3090	4147
4410	4147
4439	4147
4895	4147
159	4929
1962	4929
3486	3118
2410	570
5846	975
4400	5353
3641	4666
5194	3850
555	2095
1478	2095
3372	2095
4445	2095
1491	2564
5932	948
1622	2521
5947	2521
3382	1003
335	1638
2320	4277
3826	4277
5914	4277
5296	4498
4782	3091
5949	4342
838	2815
2844	445
2053	2854
1770	3753
4801	4864
1339	4905
5745	4695
3874	1279
4453	17
5834	3653
170	199
2482	5017
1299	1183
1344	1183
3971	4698
3565	5151
5498	3655
1312	142
572	2229
4224	2229
4463	2229
2795	4699
2791	5349
5906	5349
5831	621
4335	976
3705	2203
4814	2203
4878	1523
5634	1004
5030	1147
782	2985
4635	3554
4266	3860
1429	4535
1134	5207
2961	5207
3265	5207
5513	5207
4972	2485
952	1274
5894	4019
4508	2739
1000	1608
252	1973
5900	2793
2445	3
4966	1926
1161	2907
4293	2641
5900	3871
786	8
2665	89
5738	3193
113	4003
2179	2406
5914	2406
5948	2406
2321	3600
510	2104
5414	2104
981	581
1313	930
531	5087
4256	5183
1290	516
5311	615
5700	615
1593	3022
4638	2428
582	720
2967	720
58	4895
1640	1919
3201	563
5802	4263
1414	5154
4983	667
3955	2133
5776	3801
3987	5055
1540	4264
5157	818
4309	245
3144	3604
2748	2299
5456	710
4529	2108
821	2445
4372	2445
4389	1622
1900	1300
5865	4663
5117	54
2274	2908
2356	2908
3562	2908
2369	4669
1295	3049
3932	3049
4284	3049
2887	4077
5881	1463
3958	1234
3141	2152
2577	2832
5622	824
5799	1120
5948	1492
1032	2996
2646	2996
5232	2996
486	3702
2922	3773
4546	3881
5603	4598
4569	4886
5949	2436
5079	3129
224	4142
3892	4088
2149	1133
540	1892
5277	2934
143	418
2055	418
1685	4817
4239	4817
1719	1691
3075	1753
2282	3032
1382	3689
4020	4305
1619	1821
3805	1821
59	1947
1651	1947
5337	1235
2420	4917
4225	374
2288	1086
5903	3590
1347	4521
1554	4542
1763	4542
2121	4542
1635	3470
4778	2979
5656	4522
2572	4059
3943	4059
2899	4217
4855	3975
1360	2814
5910	3136
3809	2818
4324	2818
4478	2818
3830	1623
5667	1623
5949	1623
2162	2268
2478	2268
3241	2400
5104	2400
5571	2400
3123	1863
1572	3729
760	4874
5636	2025
2559	3595
1755	2274
766	2993
3968	270
3785	1191
2936	12
5215	2014
1014	2708
2378	2708
2913	2708
3014	2708
4520	2708
5405	2708
1686	3795
5453	4839
5002	2374
5131	2374
5948	2374
1037	495
2419	907
40	3833
5738	1844
3888	5080
4654	3829
1686	3401
5890	949
691	1039
2240	2646
1305	232
3115	2868
55	4141
2454	4171
4882	4679
2901	51
3631	51
235	882
3727	882
626	705
3660	1303
5192	2296
5222	1399
1050	3012
4698	1259
2494	4029
4839	4029
5282	4029
5123	1739
3469	1313
337	4887
557	3030
5432	3030
57	903
285	2070
4156	1881
3866	3403
3913	3403
3950	3403
1901	4078
5899	3946
5979	3471
12	58
5786	4994
5659	1727
5659	1727
5659	1727
1321	3042
4071	3042
5231	3042
5984	3042
5992	3042
5596	2437
5290	4042
411	2275
4581	2275
5049	2275
3456	348
5620	5013
2447	5369
2506	5369
266	1268
2507	2629
5658	1596
2103	636
5353	5078
5420	3322
5571	1277
5578	1277
5832	1277
5927	1277
2479	3976
4259	3976
5089	3976
3373	3472
3947	3472
1526	5240
1744	5240
1577	657
4182	2123
5715	2269
5715	2269
2362	3367
3342	3367
4750	1908
1562	2918
2198	4512
4122	5160
5658	554
5748	554
4631	455
5571	455
5740	455
2005	1595
2078	1517
1386	2314
3108	2185
2476	631
5992	631
5468	1196
5720	1568
5809	3512
3054	1266
401	736
5381	736
5834	1121
3570	1332
1909	1387
2461	1387
5536	1387
2551	2315
4086	2315
5546	2315
5659	2315
5659	2315
5659	2315
5844	2315
2834	227
1119	2457
5571	2457
5578	2457
5771	3473
5944	3473
4075	2125
4971	2125
2838	298
5903	836
377	1909
5775	602
5323	1349
1513	3474
3660	4773
5834	4644
4164	1858
2167	3439
5487	1172
1351	4140
2233	5199
3146	2956
5932	2381
3554	477
5118	477
2296	1548
5074	1548
5716	2522
1786	906
5463	906
3145	1360
1404	2073
3218	2079
792	2922
795	3649
5478	4743
1751	5034
2100	5034
3884	5365
4531	3387
3098	315
5745	2016
2687	205
5785	205
5785	205
2983	634
5305	682
811	1639
1692	1639
4511	1981
4798	1981
5448	1981
3607	3144
3846	3144
4859	3144
5810	3929
1946	4302
5720	5132
4004	5379
5739	4972
3445	2012
4755	1549
830	2230
1494	2230
2277	2230
2965	2230
3188	2230
4458	4145
1812	4554
2741	3359
4425	3359
2488	1331
5932	4004
1809	4115
3620	3009
5914	174
637	3847
2192	3847
4436	739
5817	1080
202	1167
2681	1167
3196	5252
5802	4343
437	1612
1683	1612
1034	4265
4306	1599
1220	3059
1421	3059
3990	3059
4980	3059
5575	560
5331	5208
3303	1751
2162	1275
3655	161
5068	161
5827	797
5915	797
800	1917
839	2053
395	4672
743	4672
2888	2565
5960	4344
3236	2492
3775	3475
3776	3475
5700	3475
2071	1891
4580	1891
1715	857
33	5356
1943	5356
2386	5356
1696	2024
4822	2049
5258	3783
2587	4947
2174	5115
3537	231
5263	1305
5264	1305
5012	3453
5634	5284
5927	5284
1826	224
4175	3643
4157	1557
5645	3685
4227	4569
5753	5012
4407	262
112	5362
416	2193
5746	2193
621	2709
3186	284
505	2731
1489	2731
5580	4915
1535	3848
3566	4858
4841	162
4841	5391
183	3676
5780	3676
5497	568
5818	2446
2201	3658
3438	571
4600	3781
64	1974
1100	1974
3194	1974
1460	4700
2317	4700
2593	4700
1702	2429
1139	2270
418	246
4611	508
5588	508
5597	508
5984	508
5093	2833
1212	2401
3867	3679
5244	2566
525	4757
2411	4757
5970	5141
823	3893
5341	3893
5992	3893
5314	1868
2710	4005
2371	3727
2709	3786
5700	3786
5923	2622
5923	2622
5923	2622
5923	2622
5923	2622
5923	2622
5923	2622
1114	2523
2601	1869
4679	1869
2471	3622
5092	4481
1807	2399
3598	1366
5262	1152
5700	2115
3774	1956
4379	3533
4551	4758
520	2721
902	2721
2501	5142
5935	4729
23	1761
4034	801
2234	5088
118	2871
3395	2871
4539	4617
50	4877
1745	1091
4779	2453
688	3360
175	2958
309	3405
5192	235
289	55
1130	4345
2815	2859
2584	435
439	2885
4323	2885
3585	4266
106	807
3873	807
5133	2825
1192	1955
4093	5395
4865	3195
2718	1939
1731	1876
1193	2036
2951	2838
4169	2525
5950	2525
2165	2316
5544	2316
1916	1784
2662	1784
4290	3070
3939	499
461	574
909	1910
3574	1910
1623	4297
913	1658
220	2695
4612	1236
934	2524
2680	486
5796	2204
652	3751
4366	2931
5658	1929
5667	1929
5748	1929
5775	1929
5956	1929
5985	1929
5985	1929
5985	1929
2588	1228
2630	1228
3397	1228
2250	1247
3024	2101
5437	1005
1407	5338
1300	652
4254	652
5667	1406
3103	3798
3024	2100
5748	2886
3589	2601
990	721
1216	721
1565	721
1655	721
2008	721
2203	721
5910	3341
161	1685
2034	1685
3254	1685
2358	493
5927	3077
4799	4311
514	3092
950	3092
2137	3092
4223	3092
4465	3092
4733	3092
5003	3389
2262	3301
1459	3894
2914	3894
3320	3894
1287	5061
2036	852
4861	1006
2149	2251
3000	4707
5318	4707
3593	3302
4647	2972
5084	3541
5634	3958
3379	4278
5738	4278
3349	4425
1151	5197
4521	5197
3716	1181
5742	1181
5774	4045
5571	3513
5847	3513
5923	3513
3011	4927
4130	776
1204	5184
2688	5184
177	4680
1557	4680
5681	546
1575	573
5900	4079
462	3808
5667	4752
1126	111
1875	111
3221	111
1019	3872
1020	3872
2729	5164
3479	5164
5614	3977
3045	3514
2589	3014
3493	3014
4927	3014
1135	3015
5160	3015
911	1659
1431	1659
1697	1659
1843	1659
2301	1659
3877	1659
4640	5389
5914	371
5959	2670
5968	1067
426	1207
999	2588
5576	4049
1671	3939
1970	3939
4528	3939
5175	3939
5435	1736
1818	412
5253	4986
3560	1151
4303	1151
4975	1151
5659	4048
5659	4048
5659	4048
5659	4048
5659	4048
3637	4050
5901	3873
5526	1314
3283	5372
775	4645
3502	2010
975	4229
5394	2579
2505	4039
5667	4039
5804	321
4319	3895
5775	3895
1240	3279
5934	1110
802	3742
5687	5217
5891	2357
3501	172
4056	3864
1793	901
2204	901
3087	901
4424	901
5040	901
852	3388
548	2157
919	2157
793	709
1120	879
328	950
3138	950
3346	2076
3131	2395
403	2489
4942	2872
1893	3101
5499	3101
1257	3768
4122	3768
1739	4506
1884	4506
2242	4588
3576	4588
2873	5306
121	5346
3005	5361
2940	1996
5927	1140
1362	1822
137	3515
814	1975
2007	1975
4129	2850
4843	3626
5663	2003
4149	2710
1237	3620
2231	837
1741	1647
2803	1647
5558	3476
320	1864
3977	1864
588	2942
5735	1078
1441	2846
3278	4755
5268	3896
404	2526
1027	4403
1031	4403
2257	4403
2790	4403
3062	4403
3315	4403
3836	4403
4634	4403
1462	4346
2552	4992
5625	1710
1385	4230
5756	299
5575	2389
1136	2386
2177	2375
1984	3455
989	1237
3597	1237
4087	5285
5593	4087
5579	3477
1448	3336
3111	3336
2334	4267
4017	5286
5858	458
2160	5000
5559	2178
5659	68
5659	68
5659	68
5659	68
4965	2711
2001	5261
5667	94
5914	94
5927	94
1481	1976
2150	4006
5748	4006
5775	4006
5634	3522
361	465
1201	465
1402	465
5667	4681
4443	3657
2225	2080
3930	2369
5927	2369
4493	3806
15	2231
5571	485
4163	1197
4648	1982
5351	2414
1095	2723
4440	2723
5932	4293
845	4400
2105	3143
1871	1806
1881	1857
819	4109
2388	5318
37	977
2603	5295
4279	5295
5788	5295
4523	2376
952	4675
5687	4205
2845	3177
3223	1911
2279	5185
5541	5089
1509	2363
5811	825
5845	825
1940	3950
80	2917
137	2917
5025	2527
4536	4098
1630	3478
3721	1282
3146	4649
5687	1590
2866	4051
5273	2887
3972	4878
1926	3793
5943	3391
4599	3787
5799	11
5949	11
4468	4811
306	1942
1072	978
77	3565
4449	233
4479	233
3757	766
4167	3423
3666	4063
359	2011
694	2740
5576	4080
4554	3178
73	1484
265	1484
1322	1484
2072	1484
2290	1484
2863	1484
4128	1484
5748	5001
5948	5090
5956	5090
5165	1270
488	3148
2497	4157
308	2741
4459	487
589	473
1621	1210
5659	1210
2814	5116
3004	3930
5520	5037
1714	4268
3243	4268
5372	4268
5578	598
5914	2407
5690	777
3510	4760
4455	1283
2395	4374
3541	4954
1006	3701
3835	335
1553	1412
4853	1042
5469	1042
5772	2334
869	3035
690	4771
67	4471
859	931
562	30
1288	5227
1307	5227
4552	5227
4172	838
1376	5117
5092	869
3512	4503
5356	4269
1184	1070
43	3666
4270	3666
4419	3666
5167	2672
4575	1204
2325	387
3064	387
4049	387
5347	387
1689	1344
3008	1344
4860	4555
1504	5220
4082	3179
5659	4231
5659	4231
5659	4231
5659	4231
5659	4231
5659	4231
5659	4231
5659	4231
5659	4231
5659	4231
2673	5296
1862	1238
1952	1238
4838	1238
5413	1238
2111	3311
4094	470
1233	1702
847	1315
4274	4708
5640	678
5971	678
4957	3778
5339	3778
5872	1111
5055	3100
5914	2441
5632	1361
5680	1007
5949	3914
1493	38
774	4379
2018	1192
5552	247
1879	3542
5627	3763
2822	2671
3457	3005
2200	4717
5590	2352
152	293
5667	4723
2350	3772
2533	3772
869	2286
3961	2286
864	2699
2480	3433
1743	4513
3853	4548
1726	3479
5668	3479
5817	3479
803	2191
5774	1148
4474	1728
5867	4025
5908	200
5571	3978
2523	1977
2908	1977
5848	2853
3166	2232
4731	2085
1918	3757
5143	2684
5670	668
5597	1823
5661	1220
144	2773
2252	3171
4283	3171
4419	3171
2446	4158
3298	4158
3594	1316
3235	1990
1632	324
5018	324
5914	3040
2684	4860
5427	2834
5438	2834
2939	1168
5266	1168
2193	2880
5115	4686
5121	2844
467	5396
3085	1795
122	4702
986	3941
2409	221
1352	347
2757	1606
445	979
2399	979
4538	1048
5647	1048
5669	1048
5346	603
3765	2430
2509	3330
5948	3664
2146	5253
527	3053
5004	3053
4782	1967
5628	1382
5678	1382
5862	1382
985	1547
537	4505
1310	49
5122	49
5797	1562
5894	1562
5756	3276
4944	4375
2069	399
5578	399
1337	3180
5667	2712
5967	670
722	669
2115	669
3600	669
3726	669
4325	669
5219	3206
2696	2724
5752	14
1968	223
3957	319
894	940
1067	940
2402	940
2930	940
3747	940
1103	1043
4314	1043
5983	1384
5701	2881
898	4494
3568	693
5651	3078
1384	3979
2726	3337
253	3235
2117	2329
5832	1008
5779	671
4147	1221
1058	4766
4035	151
1468	2364
4384	2298
1957	980
2365	2764
5926	4704
5787	2469
1464	4826
5948	4826
5581	1682
888	1255
1105	1255
1740	1255
1814	1255
2010	1255
2889	1255
4747	1255
5355	2528
5579	4270
1218	112
5184	1345
1192	1609
5181	1609
3553	583
5738	1421
2649	3980
2568	1762
132	4347
2768	4347
2804	4347
4562	4347
5984	4682
5382	2443
3960	5241
3420	3181
3934	3181
1332	113
1453	1570
3843	1570
479	1640
496	1640
1608	1640
1757	1640
2180	1640
3002	1640
3301	1640
4595	1640
5692	2595
5596	4016
261	3573
356	3573
600	3573
3549	3573
739	3385
1775	3385
1569	1395
3404	740
5874	2061
5932	2061
5176	2839
1869	3915
4111	3915
4114	3915
5761	4287
3403	4288
3403	4299
5802	773
1294	2205
2755	3865
3711	4234
5932	811
3468	4657
5732	4657
5796	1969
5866	1969
5875	1969
5914	3086
5917	3086
31	271
4244	271
1568	3242
4803	402
490	2742
991	1720
1073	1720
3128	1720
3979	1720
3663	427
4148	405
5017	405
123	406
5139	406
1316	1226
4954	1226
732	4996
5617	1679
5617	1679
1434	1450
5757	53
2697	1434
3635	3739
5743	2947
3060	1746
4161	4097
3861	2096
5576	1833
3778	4772
5527	2991
5417	2472
5286	5209
507	2033
2586	2033
3538	4007
166	644
4941	644
5134	644
1550	359
5948	359
5948	359
1938	5332
2186	5332
4728	5332
2028	3935
5931	2021
3318	4133
138	3480
4694	3404
208	3060
1695	4113
869	1504
294	3700
4302	4696
5911	3043
5503	5386
182	3303
746	3303
836	3303
1186	3303
3824	3303
5236	3303
1021	365
3264	365
1117	4531
1600	4531
883	4409
3374	4279
5567	4008
5982	4008
3179	578
5949	578
8	3916
2427	3916
5280	3916
5287	4033
4040	4543
5748	4543
5914	4543
4610	587
5775	1666
5914	1666
2713	354
3454	354
3967	4307
165	658
1177	774
260	1435
5783	2903
3203	1112
5934	3691
4527	3050
1781	4194
3475	4194
4179	4194
752	2618
4345	2618
4545	3981
5903	524
5575	2627
3728	1317
4133	1624
4200	1624
5588	1624
5738	4705
5578	561
3806	885
998	4514
1099	1113
598	2189
4267	3917
4229	607
376	1485
679	1485
1891	1485
2722	1485
2919	1485
3070	1485
3706	1485
3900	1485
4681	1485
1230	4831
5826	4831
5914	1114
5588	506
5597	506
5748	506
5984	506
5992	506
1892	5118
719	1179
4888	5266
5033	4626
1794	1115
889	3874
4904	1138
3509	2165
3956	2165
1338	4386
334	4395
406	4395
1235	4395
4904	4832
5052	3662
5934	562
5276	23
5903	23
979	3221
3268	960
1773	2194
5908	2194
4275	283
5588	283
5838	283
5767	1768
3732	3520
3880	3771
4226	4973
5578	4973
2859	2529
5904	3331
1136	3585
2690	3982
3130	3982
4894	1116
5748	1116
3782	2676
186	336
3917	451
1361	529
4969	2841
2736	2259
4237	3084
472	1416
1959	4099
2099	2906
2659	4523
2738	1807
3368	1807
4391	1807
4625	1807
4730	2980
4869	1625
5392	1625
5852	2282
5950	1626
2831	3132
2952	3696
5678	3427
783	3106
3252	981
4491	981
5934	4199
3181	5143
5787	1575
4841	5267
754	4094
2126	337
24	2530
5914	2530
5982	2530
4070	2233
5111	2233
828	2713
174	2923
1789	4132
4447	452
4043	4463
3517	3812
3709	4777
4515	4851
432	2845
4023	3879
5827	1512
533	2493
1408	2493
5595	3646
2991	3452
4196	4646
4337	4646
5254	4646
2151	4280
385	4544
1953	3819
4917	256
5016	3243
445	4447
4889	4447
4808	3897
82	1222
3908	4121
4582	1765
4341	2404
5936	2112
5995	2112
1904	4593
5185	5334
3345	3733
147	3094
456	3094
3406	3094
4790	3094
23	2969
2398	2531
5774	1688
5895	1688
1439	3959
1976	414
2073	414
4644	414
3695	839
4109	3516
772	3918
5903	3918
3685	4203
2433	4392
4039	4392
5578	4678
5722	4678
25	4713
36	5024
3202	5024
4350	982
5097	5277
5575	4550
5774	1567
3768	373
5693	3845
2403	1464
3797	5070
4321	932
2632	4799
879	316
4897	1706
32	757
860	5121
1474	925
5630	912
4450	1369
3396	5166
3677	2068
5015	4093
5325	4093
5571	5113
969	2656
2520	447
2574	2899
863	610
2759	2048
4780	2048
5927	3347
1039	3826
3489	3826
5950	4015
4121	5008
204	3673
4028	3543
5715	3543
5715	3543
815	3310
2675	4974
5757	2865
4299	2657
3602	1391
504	1747
108	2365
2958	2365
5059	2365
5914	1071
5984	3586
2499	4738
3316	4738
5748	983
3202	2567
917	3067
1255	3067
1315	3067
2123	4840
5301	1845
2336	2281
1480	1812
4877	1812
5072	1812
2352	3804
4137	4489
2552	4896
5907	430
452	2168
4204	1936
3152	1211
4677	1211
2571	4190
206	955
4754	407
445	2333
4419	3304
207	1257
5383	1257
5938	4052
1158	1785
5700	3006
635	701
2255	1373
482	1473
5789	4928
5963	125
2953	1451
5674	1754
210	749
5774	1776
5775	2132
5984	2132
692	3521
5571	4988
370	5112
4924	5112
5994	1627
1506	933
5646	933
5070	802
2758	3956
4518	3566
242	1675
796	1675
818	1675
5240	1675
5715	1675
5715	1675
850	1561
5934	278
2828	1641
400	4709
2994	4709
951	5254
3195	5254
2390	2864
4374	4861
3337	2026
2451	4690
5116	3219
3106	3305
4409	1335
4550	1335
5934	1665
5840	2044
5968	3529
1476	4206
5926	1778
4423	4312
5738	2029
605	4904
1589	4904
5632	692
1148	1208
120	3237
1829	2064
445	4161
1488	3703
2666	3703
3940	3703
4185	3703
1912	1388
4186	984
1989	1991
3596	2317
1617	2615
2372	4615
3126	4615
1123	3442
2580	355
770	2051
1813	2051
2777	4545
1298	3392
5283	3392
5659	2347
5659	2347
5659	2347
2024	2851
3754	1158
5150	1445
3690	3244
1227	3159
3389	4689
3207	1297
512	2532
1551	1375
155	1160
5124	1601
1792	4148
3525	4148
5789	4148
5747	2045
5747	2045
2026	2533
807	5122
5362	5098
1951	2038
3857	4562
3619	4053
433	3249
438	3856
1859	5388
5571	80
5948	4242
4984	1413
1366	3345
2535	3345
5550	3345
3143	152
5827	5035
1492	1861
1764	1874
2957	3749
1261	4213
5700	5297
5862	4410
4726	4185
3009	5131
5182	5131
1016	2806
3279	2806
5786	569
4373	5327
316	1697
833	1697
4682	5015
2549	2800
469	3204
1264	2945
1906	2945
2389	4566
104	5326
2947	2953
5708	2647
756	2006
1503	3555
5571	2477
5671	616
4300	3381
2573	3597
3276	3597
4899	3597
3983	1139
1356	1786
1958	1298
2496	4561
2502	5144
771	4496
1606	4496
2129	4496
4752	918
3959	3836
4797	2023
4848	2318
574	604
629	3343
2070	4517
1328	1009
2270	1170
5564	1581
5658	1581
5830	1581
5871	1592
101	2186
581	2186
2712	2186
6	4154
942	4154
2920	4580
5327	4580
3357	2534
4358	431
5954	1604
4192	1198
1808	4390
197	775
3985	3587
498	4581
873	4581
924	4581
1109	4581
1170	4581
3167	4581
4266	4581
4627	4581
5340	4581
4745	3371
1850	2726
2811	2726
1340	3919
2032	5218
250	1526
1735	1526
5369	1526
3643	1518
1603	1193
3793	1628
5589	741
5605	741
5675	741
1458	1642
4594	1642
158	4582
3802	1797
5984	153
3078	4667
3983	4667
541	4881
5694	4881
5834	4881
3081	2535
5976	3953
5715	1212
4201	242
3989	2680
935	5242
1531	5242
3020	5242
3402	5242
1354	1028
1291	1772
5939	1772
5758	2792
5718	4921
4875	3790
293	2099
5571	24
234	5363
3499	2054
5726	2658
5921	2658
1133	3629
52	56
5703	2785
1022	4693
3142	4693
4645	57
2833	2147
5757	5354
3443	3898
689	4081
5579	3983
2716	2624
5837	4573
5870	4573
63	4524
5374	4975
733	3247
5578	5062
2017	3209
1357	2694
5799	3880
322	5221
638	5221
3205	5221
4177	5221
1443	541
5949	541
3584	3434
1560	3758
5932	4918
1760	3431
1452	1506
1521	2154
669	226
502	1355
1581	1355
5149	1355
5667	900
2867	4865
5207	4778
4593	1456
1006	3457
2826	2103
5958	2981
4578	870
5932	985
685	617
5914	793
3391	786
420	4934
4031	2598
4619	4903
1860	2187
4426	1486
672	3861
3163	3861
5495	3861
4630	2874
1135	198
633	3306
2474	3306
5948	4898
1530	3481
1337	1145
5292	4893
5107	4491
587	4577
5692	1824
5696	3377
5977	3377
1961	4166
5757	3378
3534	3645
1451	2636
4170	4897
2902	2319
2592	4800
3133	4464
5700	1684
1466	755
1349	2466
2376	2466
5915	2466
388	1629
2686	5393
2401	2961
3148	2961
1451	3008
840	3251
1076	3251
804	2924
4646	5352
5649	3612
3767	4962
3645	2393
3967	2867
283	3692
1055	4710
1207	4710
2171	4710
3122	4710
5397	4710
2702	2536
3013	2536
2408	3936
5983	4490
3649	1937
5100	4472
2473	3045
1810	2862
404	5345
4909	1376
5786	3756
5781	1318
196	3984
3414	2749
798	5067
4792	672
5745	2144
5023	1748
4159	3088
4629	143
3894	4829
348	2743
1849	1586
1834	934
2754	2752
5571	2904
5440	2092
2312	1912
4702	3951
3422	4525
5728	4586
2338	1084
3417	219
4246	1507
5218	4281
3854	1103
2616	787
624	2206
3109	1554
5170	528
199	1978
413	1978
3069	1978
4510	1978
5037	1978
3032	1676
390	855
3858	855
4607	855
4264	1474
5539	3681
3038	5045
127	3289
1835	3289
2158	3289
1009	5328
893	163
417	1614
1063	917
5575	424
3295	3837
5887	258
3811	448
3812	448
1175	95
4526	95
658	1414
1479	1414
3323	18
5445	18
5971	1392
747	3807
4597	4786
3518	3985
3231	239
3817	4411
3988	310
409	2289
5888	5005
4545	877
824	3746
4789	3746
1007	2052
2842	2052
1790	1096
2871	1096
5900	722
3819	1738
91	5123
5247	3744
2236	2970
1430	4149
1520	4149
5451	490
4352	2301
87	2464
4198	2464
3540	2408
5799	1031
3628	768
3222	1792
5455	2106
2175	4641
516	103
4368	103
3994	2050
5876	1763
2670	1769
4505	1769
2747	4030
5155	1707
4117	4348
1222	2234
1086	3717
3822	3120
28	3369
5317	3369
3878	5287
869	2417
1880	1733
3756	3699
115	4827
515	4827
1176	4827
5739	2856
5704	3114
5926	4195
2	3482
1716	3986
4077	3986
4243	3986
5272	3986
2300	706
2623	1519
4615	1519
5110	1519
827	2358
5251	2358
5670	3273
5678	3273
5862	3273
4125	5305
4503	3113
4933	3899
5802	2857
2876	1598
5578	3483
842	164
671	4987
4168	4987
277	459
5846	413
2691	3085
5832	4282
2827	5159
5566	3900
5984	3002
4150	4405
192	1750
4597	4960
2644	2320
983	338
2182	4621
892	3051
2912	3051
2988	3051
5658	3051
5748	3051
5634	3397
5878	3397
3147	2729
445	902
3065	1304
4734	1216
2054	820
2785	3728
4168	19
195	3695
5825	4478
494	1278
4940	1278
5594	2734
1415	488
1437	3484
1226	1487
2624	1487
3609	3187
4655	1227
5799	3841
1368	2780
5916	322
1345	5303
4775	5303
5690	986
5832	986
2667	5133
4948	936
1358	935
5005	935
2155	1128
1405	5323
1578	1330
134	2954
3169	2954
720	3456
1147	2714
1516	2714
2926	2714
5450	2714
3052	2071
4902	4189
4748	496
3065	5173
5729	4876
4938	3485
5754	3485
5933	3485
471	1063
3155	3037
5293	3037
5385	3037
4642	520
223	3419
5829	3705
5648	4727
5171	713
2110	3567
5597	758
491	758
1855	2129
4793	2129
3330	5068
5560	2682
1211	1488
4564	1796
5700	1796
192	339
4542	339
5791	4448
4497	2321
2424	4054
5433	154
2544	4578
4346	4578
4854	4578
5824	291
2035	1938
4110	2675
3050	2700
5265	2700
3334	840
3644	1894
1057	2462
5667	1336
5914	1336
2413	2744
3860	5382
5840	3752
4288	605
5686	4631
5921	4632
5885	2207
5676	4449
5878	1021
1780	3157
1654	582
4154	582
2458	2284
91	3314
286	3280
2359	3987
5983	2397
4461	4608
3780	5167
711	1398
931	388
3306	3061
194	2208
2519	2659
4462	2235
3392	4482
4220	1699
4534	1699
3433	3486
3893	3883
5484	5145
2682	3611
2794	624
4393	1920
4995	1920
617	1643
5682	3065
3683	5076
5571	2642
1631	3424
445	4941
5616	2431
4820	4822
4703	4616
2249	1153
2929	1153
5142	3937
1243	4130
4666	1256
1423	2777
483	3552
503	1712
4209	1712
4963	2753
5634	4793
5949	4793
5643	1602
434	4882
5804	4882
901	210
1012	4100
5983	280
4923	1836
5416	1667
2786	3544
5774	1689
5249	4349
1269	1287
2153	1475
5425	1475
1615	3517
4841	3517
5032	3517
569	3920
1599	3920
2923	3920
5651	5023
457	2580
1820	2580
3621	4219
172	4560
5216	2322
1713	2160
4370	3656
243	2987
455	2987
3630	2987
4357	2987
1155	2323
53	2960
1116	2960
3627	3487
5667	3487
1629	3488
5924	3759
4298	120
5908	2766
2453	1359
5190	1359
5223	1359
4317	5103
1508	2819
5125	137
3359	1457
3500	5317
4603	1269
4879	272
5809	886
920	3938
4347	5155
5500	5155
495	195
1750	4809
1198	2630
3901	2537
5130	2148
4713	100
1694	1660
2669	2751
733	128
130	2776
3216	1452
5095	2765
5700	788
3868	2135
2189	1774
1523	4271
4596	1834
5799	2245
394	2589
2492	2589
4936	2589
3356	3921
5802	4200
4818	3182
5057	987
2304	4500
2280	3901
1025	3489
5126	3608
5206	3607
2147	555
2052	4819
5840	81
2213	1960
2132	2797
2562	2797
5138	2797
39	366
1894	4143
1444	4579
1596	4579
3347	5364
926	4101
3820	3044
4343	4701
3613	1555
3665	3207
5572	1299
4720	2461
5135	1895
5168	4664
701	4574
968	3942
4451	1992
5794	244
5578	1585
2280	5002
5737	2124
4433	2802
350	2816
4398	2816
5158	2816
2261	3902
801	1683
4375	2130
630	4801
272	1913
5673	2394
2166	2986
724	1787
1069	1787
3022	1787
1410	1419
3271	4412
4533	4412
5159	1703
1708	1587
5932	2473
4187	4135
5847	4296
3029	2568
4633	2568
729	507
2331	507
5553	507
1118	1530
31	3706
246	4612
1756	4612
2466	4612
2076	2001
2792	2001
4332	263
5934	481
3211	344
5774	2569
69	1932
4671	444
2676	4376
2178	4539
700	894
5774	894
5689	537
5910	537
5741	4382
1928	303
3093	303
834	2409
1896	1854
5747	2474
3699	1090
5827	1090
244	4064
5724	4239
3505	4802
2963	1465
3197	1476
5416	4946
2019	5170
1089	653
1054	2385
5799	2385
4568	3158
4973	1284
1359	1771
4604	1036
5799	1036
5979	1036
5389	1886
5521	1886
2210	2131
1388	2770
3019	5186
1594	723
856	2631
5027	2149
5711	1199
3700	5074
4079	3490
219	2211
1088	454
1536	2324
4145	2324
4669	4658
1642	2852
5803	3185
810	1558
4992	1558
89	5383
660	3245
1684	1425
3781	1425
5710	3274
5613	849
5727	849
1374	1429
1705	3126
5575	1782
1187	632
4608	632
5775	1593
5948	1593
1980	3200
3849	3200
4001	3200
4286	3200
4394	3200
1876	4659
447	4055
5847	3530
5800	3726
5800	3726
5800	3726
1122	724
5565	422
1917	890
608	1026
1059	1026
2954	1026
3730	2570
5650	2570
764	2212
3753	2366
2253	2382
71	1589
5840	1122
1247	1491
2400	5006
1245	4450
1762	4450
3927	4450
2699	2342
5799	5243
5154	1872
627	4468
3702	4468
2896	5244
4701	1600
2693	1169
5221	5289
5067	191
5067	1037
1547	1839
4541	396
5242	396
2119	3830
290	403
4643	1088
4677	1088
5156	1088
5054	3267
1797	4419
5710	372
702	1415
928	1415
963	3256
4206	4567
4532	192
673	1847
1174	1846
3028	1846
3930	4942
5878	4942
1370	3588
1801	3588
2425	3588
3841	3588
1253	4413
5769	597
5934	3945
5949	4174
5932	5019
5840	2538
3558	923
5632	2771
5575	3046
5031	4885
2273	389
4238	389
1097	3491
445	3556
9	170
5802	689
4758	3678
744	1180
2825	1180
11	4438
5628	3268
454	2990
4795	4377
5627	440
3999	2138
4953	2139
2245	3577
5686	3820
5798	3820
5905	3820
706	4416
3214	4416
1081	2246
1325	104
1986	104
3434	104
3851	104
4707	104
1174	756
2528	756
1463	3212
2077	3212
3436	3212
3564	138
2380	1319
3656	1319
3358	4844
4339	4844
3771	2789
4251	2789
4589	2789
5042	2789
5212	2789
5700	2789
1519	1407
3511	3492
445	3396
3712	4204
445	3323
5669	845
5169	2465
2749	4126
2407	3248
3206	3248
4263	2458
5984	750
3136	525
5571	525
5948	525
3097	3788
4876	3788
4977	182
90	4031
570	4031
1979	4031
2784	4031
2934	4031
3228	4031
3651	4031
3703	4031
5291	4031
3190	4830
1920	4303
4140	4303
4176	1790
684	1436
3384	3324
4535	1072
3669	1994
5021	1994
675	3675
1759	3675
2429	3675
3735	3675
445	1860
1637	1860
5957	2009
192	4414
3049	4414
1125	1458
3931	1458
190	1460
1777	1460
3176	2778
5621	1533
565	390
1144	390
940	4272
5600	2848
116	898
662	1267
5162	4056
232	3257
3040	3257
1964	4715
3061	4715
2540	4919
3448	139
2185	4640
5751	4640
761	5119
1330	4201
318	4186
1333	1534
3367	4546
4858	4546
4637	4082
214	1467
3807	4465
5780	4465
131	255
532	255
366	760
5639	4273
5342	3866
5996	25
3799	599
1814	2162
3704	2162
2170	2046
4618	2046
867	4614
500	4665
2489	4451
2865	82
5871	3821
526	5214
2223	5214
2861	5214
4431	5214
2898	404
1544	2779
4273	2779
3783	114
4950	3315
5738	864
5715	2702
5715	2702
5715	2702
5812	3846
5707	5268
3359	1264
3818	1264
3856	1264
1954	3325
2291	3325
5984	3325
4096	171
5008	4552
5960	4233
4653	4770
1391	59
4257	59
763	1661
5488	3549
231	2701
5800	1061
449	1805
2503	4842
631	2968
3282	3814
637	4350
4048	891
5967	1379
303	4083
304	4083
5921	3361
5563	3568
5862	3161
2206	4866
3546	5367
5398	2955
694	2325
1559	3197
2351	3202
5274	2963
1692	3068
342	4162
5603	1830
5603	1830
5694	1825
3903	2935
1238	4585
1924	4220
1011	628
4155	628
3300	5009
4905	5009
4053	3528
2537	132
5577	132
5801	2093
2439	193
5512	673
1470	419
5987	317
2309	4711
4884	4711
2641	145
5899	4843
3033	5109
1949	3582
2133	428
2944	2215
3217	2215
5462	2215
5554	2215
3286	3074
3914	4131
4006	2539
4437	674
778	4674
1353	4674
3930	2875
1491	1239
2379	5320
5787	3335
5576	2209
661	3246
4203	3246
1162	1950
180	1049
962	1049
1656	2905
1409	1951
2396	2297
5738	2297
5775	2297
2095	3326
4333	2066
5571	358
5799	2643
5588	2442
777	3743
2469	4691
189	3569
3829	340
1026	2715
3472	2482
4230	2888
466	988
4131	4290
5984	4290
5985	4290
5985	4290
5985	4290
10	4119
3876	4119
3747	2716
4512	2716
167	3526
3302	3669
247	4867
2530	2946
944	3988
281	2081
1219	2804
3792	2804
4326	2804
4845	2804
1546	3791
5659	2359
5659	2359
5659	2359
5659	2359
5659	2359
5659	2359
5659	2359
5659	2359
5659	2359
5659	2359
5659	2359
5659	2359
5659	2359
5659	2359
2441	3205
2389	2786
3003	2925
162	1520
1643	1520
4880	1520
163	307
3532	725
3575	1099
1200	4415
861	4040
1078	4040
1048	5091
1556	5091
3441	3071
3905	4888
5270	4687
697	1605
3567	1605
2228	3693
2455	3693
2516	3693
4519	3693
5983	4767
5667	2725
5847	2725
237	3903
1527	3903
5789	1827
1433	4418
3952	3102
1232	1644
2634	1644
2456	5210
5315	1500
3921	5039
3006	292
4232	2410
4951	2377
4007	273
5667	4351
2131	3831
2452	3124
3463	3124
2909	5092
3233	5092
4668	5092
5112	5092
3942	3904
5915	1610
5787	4313
5903	4976
5914	5282
3477	1944
4577	1945
4548	4922
5571	4922
3429	1630
4120	1630
4304	887
529	5298
4997	1041
5668	3327
157	1187
1944	1194
2311	1686
2029	2594
2678	2594
1610	3366
2219	5290
2156	3922
150	1631
3444	3493
5700	3277
5631	2540
3461	1364
3911	5187
2038	1871
741	3923
897	3923
2715	3923
2565	846
3629	1185
476	1550
3758	4022
1082	4173
4022	3875
4331	654
5766	654
363	2571
1848	3518
5571	3518
5622	3518
1471	556
1413	3989
4776	3989
5187	1897
4285	3990
4361	4214
5519	4214
5656	4214
2363	5066
5949	4497
217	5309
2173	5309
5510	5309
1296	1184
66	2217
3966	4703
4255	1326
5915	1870
3007	4526
4106	4526
3365	4216
4258	4216
2263	3858
4419	1353
1522	1749
1925	645
3951	1651
2780	3527
5578	3834
5927	3834
5409	4172
5204	4380
5927	4856
5001	175
1379	3232
5796	328
4059	1528
117	1645
501	3825
1717	3825
1895	3825
2087	3825
3327	3825
644	1240
5664	3905
563	1850
1806	1850
3899	751
2405	155
1902	3375
4932	4602
1062	3641
5896	3226
79	398
966	3095
2525	3095
3230	3095
5368	5262
2091	1509
1699	1650
3606	1650
5449	1650
2092	4805
5411	4805
289	2015
5548	2015
5549	2015
3458	2102
1015	3079
1614	3079
2266	3079
4609	3079
4913	3079
5358	2889
5173	2083
1523	3991
3890	1010
2349	3052
688	989
5571	989
3638	349
3312	352
2843	415
3889	3236
5775	4150
5984	4150
5667	3130
5979	3130
317	3211
1061	3211
1867	3211
2021	3211
2825	3211
2987	3211
3046	3211
4557	3211
5384	3211
4821	4859
3769	2447
3599	5104
5591	5104
5757	5359
5786	5359
3588	3420
3662	3420
5522	3420
5714	679
422	874
973	874
2313	1588
1691	4159
75	2805
3612	2805
1872	4178
3173	5079
5348	5079
3219	4461
5658	3707
5667	3707
1197	3680
3650	4977
3885	5030
4218	707
1046	2801
3736	956
5094	956
4184	3445
2382	3924
4378	2214
2373	2855
817	2921
2096	1117
5863	4009
1624	482
3135	1154
1113	3448
2227	3448
4330	3448
4306	2097
2636	1898
5721	2403
2727	4623
5765	4814
3565	1663
5738	460
1115	1129
149	1556
460	1428
5738	2247
5917	2247
3741	4492
4036	4956
642	39
1172	39
5893	474
5949	1252
5196	1576
658	1646
3391	1646
606	3149
4219	5120
3159	2581
3779	2098
4756	2098
1010	3613
2550	5156
5637	5156
1171	1715
5243	1715
5597	1715
2442	2950
4214	2950
4012	5329
4915	4862
4212	4600
2230	2817
2602	2817
5014	2817
4381	3376
4132	3107
3991	3199
4347	3740
5797	5219
5948	3494
5301	1999
4320	4739
2840	1887
564	1393
1651	421
2250	421
1251	1386
1308	2965
2493	1648
1566	1123
4388	1123
5914	3110
445	1422
5903	2236
5350	4274
5883	4274
4737	472
4516	4473
877	2660
51	1022
3513	4177
5926	1777
5041	28
1472	4138
1306	4556
3018	5375
659	1734
4076	1734
4708	4423
5672	3425
1634	3069
3376	3992
1925	1320
971	2767
5034	2879
620	3524
3193	4389
5617	5130
5617	5130
470	4747
3063	4747
4584	4747
5667	165
5775	165
3297	952
3275	2018
3761	2572
2246	3213
4616	1082
441	512
2104	606
554	1577
718	4352
994	4352
1842	4352
5486	4164
5569	3832
4301	1408
5224	115
5625	115
2280	5368
5562	4978
3410	2541
2306	176
135	5108
1576	5108
2353	5108
5535	3952
528	5093
2740	5093
2721	642
201	4774
5950	2826
3691	1438
5172	5255
5739	5255
1588	3684
2869	5146
3237	5146
4249	5146
3814	5134
1887	1241
3242	1241
3936	1241
4316	1241
5408	1241
3615	698
542	4057
1498	4057
1931	4057
5567	4151
5903	4353
2207	2179
5588	2179
3714	2727
5787	356
4118	748
4058	856
5330	856
5186	1165
5774	1497
2276	1855
1558	2617
1496	3128
5863	3225
4165	3760
4952	3760
4819	4010
5785	4624
5720	4629
4934	5216
241	83
5571	4596
5662	4596
5484	144
1584	941
2284	941
731	3621
2448	4812
499	4532
443	3308
4982	3308
3215	2065
5778	4474
5805	5337
2118	2750
5066	1077
1866	1409
191	2768
2998	2768
1378	3802
5105	4660
5894	93
2639	3784
5872	3927
745	4787
5459	48
3270	4676
3864	4676
4215	527
489	461
5974	4043
3209	1559
921	3851
2056	1223
1417	3545
4435	1224
1650	2156
2097	2156
2543	2156
5984	4354
875	942
2576	2820
3366	4283
3870	4283
2925	4429
4097	2613
5934	1632
5932	622
5576	2367
4826	557
559	391
3428	4452
1111	4114
2122	4114
4945	4114
5734	1477
1272	318
2315	318
885	3859
4139	3859
871	4872
1036	3220
1279	3220
4574	3220
4922	803
3535	1502
2521	1941
4817	4724
2671	2616
2806	2616
5345	2616
5406	2616
1663	1804
1259	3165
5195	4568
4080	4852
566	3615
1178	3615
5051	3615
1800	3993
3096	4275
3119	3925
5775	3925
5914	3925
5984	3925
3139	2378
2538	5040
5668	5040
5403	3089
5658	2180
2102	4152
4268	4152
1764	5299
3255	5299
3697	5299
4107	5299
4216	5299
4242	5299
5820	5299
4083	3344
3132	1437
2348	4735
4421	4735
4466	4735
86	1735
3084	1735
1208	29
2456	4017
3157	759
2707	4215
781	954
4970	3495
3626	4453
1224	2821
5822	5094
1401	2326
2033	4387
1534	789
4104	4044
3466	1878
3865	3190
5099	513
1570	1537
5288	3789
1326	4594
5948	4594
445	5189
4813	279
1205	4304
5038	4378
4078	4317
5790	5270
5700	790
3815	1430
2943	3422
3335	1032
5892	2542
5770	1764
3470	3735
3993	3735
5334	2379
2329	489
5738	1370
646	3769
5090	3769
1258	3797
1932	3797
2384	3797
1445	5125
4036	4857
937	500
1108	392
4770	5300
3234	3796
5095	3796
5987	2091
5635	990
5923	990
5950	990
5899	3957
2475	4779
3526	1496
4753	1496
1045	4402
5000	5147
4055	1997
5603	2582
5823	2582
5751	515
5853	896
5684	4850
832	41
2443	41
2224	3446
2066	5190
1060	4476
5390	4476
651	2543
1919	2543
2485	2543
2656	2543
4233	2543
5285	184
5434	1513
5659	3546
4583	3838
4092	5016
2536	4685
4136	2730
3906	2798
159	640
4502	1538
2344	4945
5259	3362
798	449
3821	5191
4122	5191
5364	5191
615	4736
1690	812
2196	2937
5606	2937
3010	4563
5899	4873
4485	4536
2801	2812
2631	3671
790	202
5983	4788
3916	2335
1967	5
3604	5
5828	1848
2877	4485
2515	3382
5596	3994
5736	206
2855	547
1611	140
225	3782
1152	1177
2857	1177
3680	1177
5707	1177
5800	558
42	2248
5775	559
1209	726
1604	727
2157	1014
1832	575
3912	3906
3460	423
5543	2142
2553	4595
5780	5168
1923	3601
5571	2354
5914	2354
4719	3995
3225	3307
987	2685
1195	2685
2061	4855
2337	364
1164	2483
5725	5188
1833	2807
1652	804
1645	2748
5715	2331
5715	2331
5436	4907
5745	2948
5991	2020
560	5344
41	4935
4193	4935
5571	4117
3220	3038
1774	1100
3095	5192
3291	2733
2067	3754
2973	3754
3325	4191
2556	4639
2595	4639
3086	69
2760	4393
4678	4393
5480	4110
2683	1759
4649	3551
3887	4111
3483	10
4787	10
5019	10
316	1692
1901	341
2955	1225
1538	2982
3684	3435
5948	3435
2990	70
5077	3659
5689	4979
5910	4979
1821	4160
3710	1263
5769	3876
1679	3765
1814	3765
2605	522
5950	90
5598	471
5599	471
4395	792
1985	1124
3246	1124
5984	1124
5984	1124
5706	2756
5775	2756
865	3720
98	4197
568	4197
1570	4197
2917	4197
5147	4197
4790	4583
5369	4583
712	5269
2152	5269
1878	4084
2809	4084
5774	871
5920	3137
84	350
215	350
226	350
2464	350
2470	350
5501	350
5509	350
445	2774
2326	288
558	5193
5	1094
1709	2863
4685	2544
4912	1633
5075	4883
4160	3203
2668	1775
789	991
4252	1946
5885	865
5560	694
727	1668
728	1668
4282	1668
3792	3840
4688	3854
787	4155
1229	4155
241	4167
1727	4527
4622	639
128	1011
5785	2276
5785	2276
5785	2276
5785	2276
5785	2276
5785	2276
5950	2276
5777	3430
5579	4930
4624	778
3634	1540
5683	2583
4812	4294
103	643
5659	2237
1091	4355
148	545
1065	2411
3798	2411
5667	2411
19	4284
1783	4284
4675	4284
2894	1542
365	3996
2239	4980
5256	4085
853	342
1163	1205
5935	2758
851	1321
5667	2849
3026	1634
3329	4638
5257	4638
451	937
2590	937
1822	2625
2660	2625
511	2238
4294	129
2578	4981
5760	4981
1449	4306
4265	4306
1969	1201
3360	3496
4672	3497
4464	2153
2569	323
5460	5279
5634	2890
3091	1799
1543	3072
2946	850
3614	3073
5199	2754
3498	815
4994	1478
1047	4356
4790	5105
3120	2210
5370	2210
4047	301
977	675
5439	675
4047	1104
1712	4399
5828	1118
3036	4692
5787	2584
866	4939
5579	992
5894	992
768	5106
276	2336
1124	4894
1484	4627
382	5107
3107	5228
3004	591
5730	1611
3743	913
974	4737
1052	1808
310	6
997	3016
3733	3016
5624	3660
3371	4357
4470	5381
4786	1578
2661	1262
664	1721
4428	1146
2172	2790
5797	274
1038	919
3784	3745
3909	3745
4978	3745
2593	4863
2594	4863
3393	4863
1275	1890
4328	1890
5419	1890
1791	446
1571	2866
3718	1087
1955	3498
5972	1012
5739	1571
5934	4454
5491	1348
552	3779
4722	2977
4763	2977
5774	4845
4115	5301
4371	4599
2618	483
2966	3031
5657	540
2287	577
5723	577
2154	3827
2504	2628
1972	1930
1323	1489
2880	1489
145	1057
1857	1057
5841	1195
5899	3023
1937	4995
2094	1814
3173	1814
3258	1814
1286	1949
340	943
734	131
4188	3596
1043	1551
1978	4493
4979	4493
2557	2105
3076	2105
2060	2932
3737	4909
3755	2110
4874	2686
5507	2686
2695	4650
3352	4650
661	711
2775	711
3058	711
3687	711
5970	5059
429	5043
2821	501
3038	4854
93	3215
367	3215
2457	3215
3104	5057
4442	5057
5151	5057
5913	5082
5082	4455
2980	2988
4171	3290
2438	5020
3729	4575
5208	101
4129	4286
4572	4997
933	3718
4690	2330
3332	2432
3632	2348
3689	2348
2195	1038
5713	2545
2397	4528
4482	4528
5576	1677
1724	2271
2617	5161
3315	5161
3543	4314
5948	4950
5948	4950
445	1809
4937	275
140	1329
4494	2824
4205	659
5080	43
5774	3591
5932	3328
284	3260
1657	3260
1974	3260
3353	3260
3476	3260
4122	3260
4846	3260
1398	3436
3639	3436
2816	345
380	3961
29	4120
825	4120
5500	1092
1711	3438
4987	5324
1669	1443
5198	3907
5050	2002
5563	3183
5765	3499
4959	3960
1831	1410
687	2678
355	5148
2343	2272
3338	920
1673	124
4310	1678
2289	4466
1392	3500
4496	3926
5213	3926
5300	3926
1191	3928
1706	3928
1819	3928
270	1966
3189	1966
3261	1966
2360	1826
5570	1826
2802	3313
2297	3617
3263	3617
1864	5283
4124	156
5900	5095
3928	116
2075	728
463	2928
976	2928
65	518
2244	1670
5877	1670
3696	938
2113	4396
5145	4396
4312	3127
2293	4836
2294	4836
5949	4235
3715	4127
5659	1466
5659	1466
5879	1466
895	2717
4208	1202
3239	4358
3398	4
5614	4622
5496	5058
2330	4923
1922	2759
3478	5110
2275	159
5948	4359
4661	2799
4686	2799
4697	2799
5575	729
4401	841
1199	1698
3983	1698
5702	379
5941	379
655	3013
806	4483
1435	4483
3399	4483
2942	1479
5914	5124
3492	185
869	1271
4021	791
137	4982
3617	3877
3625	3877
4260	437
68	1694
4898	1694
2703	1217
5214	1217
5827	908
1682	411
4724	1695
5700	166
3180	4456
274	1696
1192	1696
1276	1696
4318	2703
2773	4475
4261	4475
4773	4475
2220	3007
5255	5153
2583	5054
5583	5054
48	4175
5759	2488
3688	4661
4420	4661
4723	5011
2462	484
5628	4243
713	2163
1156	1635
3120	1635
4540	1635
5884	1411
4501	4775
4457	1711
4721	1711
5193	1711
1822	2808
2660	2808
5558	276
5680	285
2404	42
2534	2951
3521	1535
1647	1723
3577	1851
2491	3770
2911	3770
1188	3963
2928	3963
2692	4285
5592	4301
5622	4301
5908	4791
5949	4993
5914	1985
5984	1985
5843	84
2836	2822
1963	5211
1648	4716
1765	4716
1609	50
488	4176
2085	4176
3287	4176
3833	4176
4840	4176
5915	5049
374	730
2725	813
2643	4011
3172	1337
3451	1337
5774	85
3133	3133
2653	1040
5787	3222
5787	3222
5787	3222
5787	3222
5787	3222
5787	3222
5787	3222
5787	3222
5787	3222
5787	3222
5787	3222
5787	3222
5787	3222
5787	3222
5787	3222
333	747
5582	3332
415	1327
5774	2877
1406	3558
5797	4884
3452	3688
1728	3536
3616	3536
1263	2976
671	2591
3224	2573
2927	2585
2694	1531
200	5256
1680	3534
3803	3534
2260	4238
2878	64
536	2574
4408	1015
4057	1924
5379	2121
2904	2902
1292	3605
5863	4547
542	3122
1498	3122
1931	3122
2254	3122
2256	3122
1346	1079
2212	4789
2542	367
5606	796
1658	1371
5734	4032
1915	1119
5903	1579
27	1752
2037	1957
5354	1957
5915	1186
4522	2113
5596	26
5809	26
3544	1501
34	3363
5210	3813
536	5263
742	5263
1515	5263
3895	5263
5376	5263
4065	4868
3963	3997
3464	2693
1450	3908
5388	3908
5984	3908
1128	1998
2577	1998
5915	3501
2280	2590
4016	502
4586	4096
5780	4096
2143	189
4585	1873
2510	4014
4441	4014
2215	4911
3105	3103
3425	3103
3935	3103
4066	3103
5606	3842
1805	2811
378	4202
938	4467
1736	4726
735	5194
2127	5194
4868	1888
3249	1896
5689	1829
5910	1829
751	959
5610	281
3184	842
3837	993
4799	1013
4411	4943
4841	4943
3978	3822
1672	2762
2011	2762
2209	2762
2222	2762
4027	2762
1107	2586
5992	2190
5787	2891
5984	4276
4456	5245
5992	5245
5579	2239
2009	4134
1051	2892
2217	1882
5932	4360
2216	876
4241	876
1934	2973
5738	503
4195	579
493	4537
2205	893
2295	1993
3539	1993
5007	1993
4806	1510
4677	1594
5992	2587
5465	2728
550	5158
2615	1770
160	2983
2637	2983
5969	2983
198	2126
2810	2126
3073	2126
3431	2126
5817	3748
5775	211
3938	309
2068	1918
1545	3823
5934	4891
4823	5021
5903	5198
3555	282
5749	538
5903	961
2020	1490
5395	1490
641	2060
5922	2602
3707	4725
5923	4902
1784	3033
5085	3033
1982	1914
3021	1914
3110	1914
5956	1914
3377	2134
4277	2380
2949	3998
5774	819
7	1511
1350	1511
2039	1511
2211	1427
3363	1995
5316	1995
1552	685
910	1539
2732	763
3364	763
5226	2181
258	5246
5984	5246
5984	5246
5103	853
730	4647
5700	5032
571	1105
1934	4756
5518	4361
5482	4106
2610	1652
2440	5231
4907	5231
5662	289
4297	5171
4004	994
1297	2444
4190	2444
5476	2444
1512	4683
2607	5165
4353	2575
5461	2575
371	1164
4598	3364
465	4584
1250	4584
2015	4584
2163	4584
4210	4584
2366	4815
561	2398
1933	1162
2031	1162
4376	1162
4560	1162
3954	5172
2985	5247
780	4742
179	469
3171	469
1598	1527
1845	1527
5634	4931
5631	2644
5679	2644
3437	1130
4087	286
1007	3208
5466	5280
3694	3547
4695	3547
5061	3547
3763	2433
4660	2433
819	1801
313	2745
2941	5314
5913	5315
2468	4834
4365	3999
5745	3614
289	2813
1929	2813
296	3379
5493	4611
251	5351
2850	4697
5744	909
1746	3815
111	3627
339	5149
4925	5149
85	5319
5860	5319
1824	2327
2526	2327
4429	2327
4998	2327
3586	572
3344	2927
146	1849
1273	1849
2779	1849
2144	4012
328	2000
2564	264
3412	5342
110	420
386	420
3052	420
329	5281
2232	5048
1752	2078
2892	2078
2418	5355
2391	2962
3343	2962
4089	539
425	2249
4009	2249
4084	2249
4103	2249
5979	2621
3335	3690
5666	4381
2788	4459
3229	4459
5775	4459
4138	1583
5659	5026
5814	5026
30	4499
475	5336
228	2957
2921	880
5289	2240
2720	5308
2567	4875
445	2241
2318	761
1729	2975
3765	2975
4308	2975
599	592
1675	2691
129	3570
1422	3570
4044	4803
857	585
423	1704
168	1155
2689	2273
5797	2412
3137	2287
508	3172
3542	3172
4567	2974
169	5313
5324	5003
4087	5392
4036	86
5780	4553
3348	4104
4147	4104
3350	4529
4968	2842
2202	4362
5974	3502
3170	1877
4248	1877
5778	921
428	141
3387	4913
216	843
947	843
4469	2047
1193	1837
1638	5380
2898	1798
869	3284
5506	4153
5578	3503
5775	3503
860	1521
3240	1521
5915	3636
5690	4170
3285	2732
5128	2732
1013	566
133	5150
4687	888
5778	2487
1403	2007
2188	2007
3253	2007
1539	1363
5561	1363
5747	4806
5747	4806
5747	4806
5828	3138
4010	3218
2490	4677
5802	2835
984	1965
263	238
1908	5384
5454	5333
4340	3450
